1,44.40,44.40,46.25,45.60,44.55,41.55,41.00,41.65,43.80,43.00
1,44.40,46.25,45.60,44.55,41.55,41.00,41.65,43.80,43.00,41.00
1,46.25,45.60,44.55,41.55,41.00,41.65,43.80,43.00,41.00,41.70
1,45.60,44.55,41.55,41.00,41.65,43.80,43.00,41.00,41.70,41.00
1,44.55,41.55,41.00,41.65,43.80,43.00,41.00,41.70,41.00,39.60
1,41.55,41.00,41.65,43.80,43.00,41.00,41.70,41.00,39.60,40.20
1,41.00,41.65,43.80,43.00,41.00,41.70,41.00,39.60,40.20,41.80
2,41.65,43.80,43.00,41.00,41.70,41.00,39.60,40.20,41.80,42.85
1,43.80,43.00,41.00,41.70,41.00,39.60,40.20,41.80,42.85,42.90
1,43.00,41.00,41.70,41.00,39.60,40.20,41.80,42.85,42.90,42.40
2,41.00,41.70,41.00,39.60,40.20,41.80,42.85,42.90,42.40,44.70
2,41.70,41.00,39.60,40.20,41.80,42.85,42.90,42.40,44.70,45.50
2,41.00,39.60,40.20,41.80,42.85,42.90,42.40,44.70,45.50,44.85
2,39.60,40.20,41.80,42.85,42.90,42.40,44.70,45.50,44.85,46.05
2,40.20,41.80,42.85,42.90,42.40,44.70,45.50,44.85,46.05,45.35
2,41.80,42.85,42.90,42.40,44.70,45.50,44.85,46.05,45.35,45.95
2,42.85,42.90,42.40,44.70,45.50,44.85,46.05,45.35,45.95,45.85
2,42.90,42.40,44.70,45.50,44.85,46.05,45.35,45.95,45.85,43.80
1,42.40,44.70,45.50,44.85,46.05,45.35,45.95,45.85,43.80,44.60
2,44.70,45.50,44.85,46.05,45.35,45.95,45.85,43.80,44.60,45.40
1,45.50,44.85,46.05,45.35,45.95,45.85,43.80,44.60,45.40,43.90
1,44.85,46.05,45.35,45.95,45.85,43.80,44.60,45.40,43.90,45.00
1,46.05,45.35,45.95,45.85,43.80,44.60,45.40,43.90,45.00,44.00
1,45.35,45.95,45.85,43.80,44.60,45.40,43.90,45.00,44.00,44.70
1,45.95,45.85,43.80,44.60,45.40,43.90,45.00,44.00,44.70,45.00
1,45.85,43.80,44.60,45.40,43.90,45.00,44.00,44.70,45.00,44.95
1,43.80,44.60,45.40,43.90,45.00,44.00,44.70,45.00,44.95,44.75
1,44.60,45.40,43.90,45.00,44.00,44.70,45.00,44.95,44.75,44.60
1,45.40,43.90,45.00,44.00,44.70,45.00,44.95,44.75,44.60,46.00
1,43.90,45.00,44.00,44.70,45.00,44.95,44.75,44.60,46.00,46.60
2,45.00,44.00,44.70,45.00,44.95,44.75,44.60,46.00,46.60,48.50
1,44.00,44.70,45.00,44.95,44.75,44.60,46.00,46.60,48.50,48.25
1,44.70,45.00,44.95,44.75,44.60,46.00,46.60,48.50,48.25,47.15
1,45.00,44.95,44.75,44.60,46.00,46.60,48.50,48.25,47.15,48.70
1,44.95,44.75,44.60,46.00,46.60,48.50,48.25,47.15,48.70,48.25
1,44.75,44.60,46.00,46.60,48.50,48.25,47.15,48.70,48.25,49.50
1,44.60,46.00,46.60,48.50,48.25,47.15,48.70,48.25,49.50,50.0001
2,46.00,46.60,48.50,48.25,47.15,48.70,48.25,49.50,50.0001,50.0001
2,46.60,48.50,48.25,47.15,48.70,48.25,49.50,50.0001,50.0001,50.40
1,48.50,48.25,47.15,48.70,48.25,49.50,50.0001,50.0001,50.40,49.20
1,48.25,47.15,48.70,48.25,49.50,50.0001,50.0001,50.40,49.20,47.70
1,47.15,48.70,48.25,49.50,50.0001,50.0001,50.40,49.20,47.70,50.30
2,48.70,48.25,49.50,50.0001,50.0001,50.40,49.20,47.70,50.30,52.40
2,48.25,49.50,50.0001,50.0001,50.40,49.20,47.70,50.30,52.40,52.20
2,49.50,50.0001,50.0001,50.40,49.20,47.70,50.30,52.40,52.20,51.70
2,50.0001,50.0001,50.40,49.20,47.70,50.30,52.40,52.20,51.70,51.90
2,50.0001,50.40,49.20,47.70,50.30,52.40,52.20,51.70,51.90,52.00
2,50.40,49.20,47.70,50.30,52.40,52.20,51.70,51.90,52.00,51.40
2,49.20,47.70,50.30,52.40,52.20,51.70,51.90,52.00,51.40,50.70
2,47.70,50.30,52.40,52.20,51.70,51.90,52.00,51.40,50.70,52.40
2,50.30,52.40,52.20,51.70,51.90,52.00,51.40,50.70,52.40,52.60
2,52.40,52.20,51.70,51.90,52.00,51.40,50.70,52.40,52.60,52.40
2,52.20,51.70,51.90,52.00,51.40,50.70,52.40,52.60,52.40,52.10
2,51.70,51.90,52.00,51.40,50.70,52.40,52.60,52.40,52.10,50.1999
2,51.90,52.00,51.40,50.70,52.40,52.60,52.40,52.10,50.1999,52.40
2,52.00,51.40,50.70,52.40,52.60,52.40,52.10,50.1999,52.40,53.00
2,51.40,50.70,52.40,52.60,52.40,52.10,50.1999,52.40,53.00,52.70
2,50.70,52.40,52.60,52.40,52.10,50.1999,52.40,53.00,52.70,52.50
2,52.40,52.60,52.40,52.10,50.1999,52.40,53.00,52.70,52.50,52.00
1,52.60,52.40,52.10,50.1999,52.40,53.00,52.70,52.50,52.00,51.30
1,52.40,52.10,50.1999,52.40,53.00,52.70,52.50,52.00,51.30,50.40
1,52.10,50.1999,52.40,53.00,52.70,52.50,52.00,51.30,50.40,51.90
1,50.1999,52.40,53.00,52.70,52.50,52.00,51.30,50.40,51.90,51.60
1,52.40,53.00,52.70,52.50,52.00,51.30,50.40,51.90,51.60,50.70
1,53.00,52.70,52.50,52.00,51.30,50.40,51.90,51.60,50.70,51.30
1,52.70,52.50,52.00,51.30,50.40,51.90,51.60,50.70,51.30,50.50
1,52.50,52.00,51.30,50.40,51.90,51.60,50.70,51.30,50.50,50.50
1,52.00,51.30,50.40,51.90,51.60,50.70,51.30,50.50,50.50,51.00
1,51.30,50.40,51.90,51.60,50.70,51.30,50.50,50.50,51.00,51.60
2,50.40,51.90,51.60,50.70,51.30,50.50,50.50,51.00,51.60,55.20
2,51.90,51.60,50.70,51.30,50.50,50.50,51.00,51.60,55.20,55.20
2,51.60,50.70,51.30,50.50,50.50,51.00,51.60,55.20,55.20,59.00
2,50.70,51.30,50.50,50.50,51.00,51.60,55.20,55.20,59.00,58.00
2,51.30,50.50,50.50,51.00,51.60,55.20,55.20,59.00,58.00,57.50
2,50.50,50.50,51.00,51.60,55.20,55.20,59.00,58.00,57.50,56.50
2,50.50,51.00,51.60,55.20,55.20,59.00,58.00,57.50,56.50,56.30
2,51.00,51.60,55.20,55.20,59.00,58.00,57.50,56.50,56.30,56.20
2,51.60,55.20,55.20,59.00,58.00,57.50,56.50,56.30,56.20,55.40
1,55.20,55.20,59.00,58.00,57.50,56.50,56.30,56.20,55.40,56.40
1,55.20,59.00,58.00,57.50,56.50,56.30,56.20,55.40,56.40,54.50
1,59.00,58.00,57.50,56.50,56.30,56.20,55.40,56.40,54.50,54.80
1,58.00,57.50,56.50,56.30,56.20,55.40,56.40,54.50,54.80,56.00
1,57.50,56.50,56.30,56.20,55.40,56.40,54.50,54.80,56.00,57.00
1,56.50,56.30,56.20,55.40,56.40,54.50,54.80,56.00,57.00,56.20
2,56.30,56.20,55.40,56.40,54.50,54.80,56.00,57.00,56.20,56.60
2,56.20,55.40,56.40,54.50,54.80,56.00,57.00,56.20,56.60,56.20
2,55.40,56.40,54.50,54.80,56.00,57.00,56.20,56.60,56.20,55.70
2,56.40,54.50,54.80,56.00,57.00,56.20,56.60,56.20,55.70,56.60
2,54.50,54.80,56.00,57.00,56.20,56.60,56.20,55.70,56.60,60.40
2,54.80,56.00,57.00,56.20,56.60,56.20,55.70,56.60,60.40,60.40
2,56.00,57.00,56.20,56.60,56.20,55.70,56.60,60.40,60.40,60.40
2,57.00,56.20,56.60,56.20,55.70,56.60,60.40,60.40,60.40,59.00
2,56.20,56.60,56.20,55.70,56.60,60.40,60.40,60.40,59.00,59.90
2,56.60,56.20,55.70,56.60,60.40,60.40,60.40,59.00,59.90,59.80
2,56.20,55.70,56.60,60.40,60.40,60.40,59.00,59.90,59.80,57.90
2,55.70,56.60,60.40,60.40,60.40,59.00,59.90,59.80,57.90,57.40
2,56.60,60.40,60.40,60.40,59.00,59.90,59.80,57.90,57.40,56.60
2,60.40,60.40,60.40,59.00,59.90,59.80,57.90,57.40,56.60,56.10
2,60.40,60.40,59.00,59.90,59.80,57.90,57.40,56.60,56.10,58.20
2,60.40,59.00,59.90,59.80,57.90,57.40,56.60,56.10,58.20,58.30
2,59.00,59.90,59.80,57.90,57.40,56.60,56.10,58.20,58.30,56.00
2,59.90,59.80,57.90,57.40,56.60,56.10,58.20,58.30,56.00,53.30
2,59.80,57.90,57.40,56.60,56.10,58.20,58.30,56.00,53.30,53.60
1,57.90,57.40,56.60,56.10,58.20,58.30,56.00,53.30,53.60,52.00
1,57.40,56.60,56.10,58.20,58.30,56.00,53.30,53.60,52.00,52.70
1,56.60,56.10,58.20,58.30,56.00,53.30,53.60,52.00,52.70,52.30
2,56.10,58.20,58.30,56.00,53.30,53.60,52.00,52.70,52.30,53.00
1,58.20,58.30,56.00,53.30,53.60,52.00,52.70,52.30,53.00,51.30
2,58.30,56.00,53.30,53.60,52.00,52.70,52.30,53.00,51.30,52.90
2,56.00,53.30,53.60,52.00,52.70,52.30,53.00,51.30,52.90,53.70
1,53.30,53.60,52.00,52.70,52.30,53.00,51.30,52.90,53.70,54.40
2,53.60,52.00,52.70,52.30,53.00,51.30,52.90,53.70,54.40,53.40
2,52.00,52.70,52.30,53.00,51.30,52.90,53.70,54.40,53.40,54.70
2,52.70,52.30,53.00,51.30,52.90,53.70,54.40,53.40,54.70,55.00
2,52.30,53.00,51.30,52.90,53.70,54.40,53.40,54.70,55.00,55.10
2,53.00,51.30,52.90,53.70,54.40,53.40,54.70,55.00,55.10,55.00
2,51.30,52.90,53.70,54.40,53.40,54.70,55.00,55.10,55.00,54.40
2,52.90,53.70,54.40,53.40,54.70,55.00,55.10,55.00,54.40,55.40
2,53.70,54.40,53.40,54.70,55.00,55.10,55.00,54.40,55.40,54.40
2,54.40,53.40,54.70,55.00,55.10,55.00,54.40,55.40,54.40,55.30
2,53.40,54.70,55.00,55.10,55.00,54.40,55.40,54.40,55.30,56.10
1,54.70,55.00,55.10,55.00,54.40,55.40,54.40,55.30,56.10,55.00
1,55.00,55.10,55.00,54.40,55.40,54.40,55.30,56.10,55.00,55.80
1,55.10,55.00,54.40,55.40,54.40,55.30,56.10,55.00,55.80,53.60
1,55.00,54.40,55.40,54.40,55.30,56.10,55.00,55.80,53.60,54.10
1,54.40,55.40,54.40,55.30,56.10,55.00,55.80,53.60,54.10,54.00
1,55.40,54.40,55.30,56.10,55.00,55.80,53.60,54.10,54.00,54.80
1,54.40,55.30,56.10,55.00,55.80,53.60,54.10,54.00,54.80,55.50
2,55.30,56.10,55.00,55.80,53.60,54.10,54.00,54.80,55.50,55.30
2,56.10,55.00,55.80,53.60,54.10,54.00,54.80,55.50,55.30,56.50
2,55.00,55.80,53.60,54.10,54.00,54.80,55.50,55.30,56.50,57.20
2,55.80,53.60,54.10,54.00,54.80,55.50,55.30,56.50,57.20,57.60
2,53.60,54.10,54.00,54.80,55.50,55.30,56.50,57.20,57.60,57.90
1,54.10,54.00,54.80,55.50,55.30,56.50,57.20,57.60,57.90,56.50
1,54.00,54.80,55.50,55.30,56.50,57.20,57.60,57.90,56.50,56.00
2,54.80,55.50,55.30,56.50,57.20,57.60,57.90,56.50,56.00,58.90
2,55.50,55.30,56.50,57.20,57.60,57.90,56.50,56.00,58.90,58.30
2,55.30,56.50,57.20,57.60,57.90,56.50,56.00,58.90,58.30,57.60
2,56.50,57.20,57.60,57.90,56.50,56.00,58.90,58.30,57.60,56.90
2,57.20,57.60,57.90,56.50,56.00,58.90,58.30,57.60,56.90,56.80
2,57.60,57.90,56.50,56.00,58.90,58.30,57.60,56.90,56.80,57.80
2,57.90,56.50,56.00,58.90,58.30,57.60,56.90,56.80,57.80,57.10
2,56.50,56.00,58.90,58.30,57.60,56.90,56.80,57.80,57.10,57.50
2,56.00,58.90,58.30,57.60,56.90,56.80,57.80,57.10,57.50,58.60
2,58.90,58.30,57.60,56.90,56.80,57.80,57.10,57.50,58.60,58.90
2,58.30,57.60,56.90,56.80,57.80,57.10,57.50,58.60,58.90,57.80
1,57.60,56.90,56.80,57.80,57.10,57.50,58.60,58.90,57.80,57.60
1,56.90,56.80,57.80,57.10,57.50,58.60,58.90,57.80,57.60,57.40
1,56.80,57.80,57.10,57.50,58.60,58.90,57.80,57.60,57.40,57.70
1,57.80,57.10,57.50,58.60,58.90,57.80,57.60,57.40,57.70,56.80
1,57.10,57.50,58.60,58.90,57.80,57.60,57.40,57.70,56.80,58.40
1,57.50,58.60,58.90,57.80,57.60,57.40,57.70,56.80,58.40,58.70
1,58.60,58.90,57.80,57.60,57.40,57.70,56.80,58.40,58.70,59.00
1,58.90,57.80,57.60,57.40,57.70,56.80,58.40,58.70,59.00,58.80
1,57.80,57.60,57.40,57.70,56.80,58.40,58.70,59.00,58.80,59.50
1,57.60,57.40,57.70,56.80,58.40,58.70,59.00,58.80,59.50,59.20
2,57.40,57.70,56.80,58.40,58.70,59.00,58.80,59.50,59.20,61.00
1,57.70,56.80,58.40,58.70,59.00,58.80,59.50,59.20,61.00,59.60
1,56.80,58.40,58.70,59.00,58.80,59.50,59.20,61.00,59.60,59.80
1,58.40,58.70,59.00,58.80,59.50,59.20,61.00,59.60,59.80,60.00
2,58.70,59.00,58.80,59.50,59.20,61.00,59.60,59.80,60.00,62.00
2,59.00,58.80,59.50,59.20,61.00,59.60,59.80,60.00,62.00,62.70
2,58.80,59.50,59.20,61.00,59.60,59.80,60.00,62.00,62.70,62.00
2,59.50,59.20,61.00,59.60,59.80,60.00,62.00,62.70,62.00,63.50
2,59.20,61.00,59.60,59.80,60.00,62.00,62.70,62.00,63.50,62.40
2,61.00,59.60,59.80,60.00,62.00,62.70,62.00,63.50,62.40,61.50
2,59.60,59.80,60.00,62.00,62.70,62.00,63.50,62.40,61.50,62.50
2,59.80,60.00,62.00,62.70,62.00,63.50,62.40,61.50,62.50,62.70
1,60.00,62.00,62.70,62.00,63.50,62.40,61.50,62.50,62.70,62.50
2,62.00,62.70,62.00,63.50,62.40,61.50,62.50,62.70,62.50,62.70
2,62.70,62.00,63.50,62.40,61.50,62.50,62.70,62.50,62.70,62.30
2,62.00,63.50,62.40,61.50,62.50,62.70,62.50,62.70,62.30,62.50
2,63.50,62.40,61.50,62.50,62.70,62.50,62.70,62.30,62.50,62.30
2,62.40,61.50,62.50,62.70,62.50,62.70,62.30,62.50,62.30,60.80
2,61.50,62.50,62.70,62.50,62.70,62.30,62.50,62.30,60.80,61.10
2,62.50,62.70,62.50,62.70,62.30,62.50,62.30,60.80,61.10,60.70
2,62.70,62.50,62.70,62.30,62.50,62.30,60.80,61.10,60.70,63.70
2,62.50,62.70,62.30,62.50,62.30,60.80,61.10,60.70,63.70,64.50
2,62.70,62.30,62.50,62.30,60.80,61.10,60.70,63.70,64.50,65.00
2,62.30,62.50,62.30,60.80,61.10,60.70,63.70,64.50,65.00,62.70
2,62.50,62.30,60.80,61.10,60.70,63.70,64.50,65.00,62.70,62.00
2,62.30,60.80,61.10,60.70,63.70,64.50,65.00,62.70,62.00,62.40
2,60.80,61.10,60.70,63.70,64.50,65.00,62.70,62.00,62.40,62.10
2,61.10,60.70,63.70,64.50,65.00,62.70,62.00,62.40,62.10,60.90
2,60.70,63.70,64.50,65.00,62.70,62.00,62.40,62.10,60.90,61.10
2,63.70,64.50,65.00,62.70,62.00,62.40,62.10,60.90,61.10,61.20
2,64.50,65.00,62.70,62.00,62.40,62.10,60.90,61.10,61.20,61.80
2,65.00,62.70,62.00,62.40,62.10,60.90,61.10,61.20,61.80,63.50
2,62.70,62.00,62.40,62.10,60.90,61.10,61.20,61.80,63.50,63.80
2,62.00,62.40,62.10,60.90,61.10,61.20,61.80,63.50,63.80,61.90
2,62.40,62.10,60.90,61.10,61.20,61.80,63.50,63.80,61.90,61.40
2,62.10,60.90,61.10,61.20,61.80,63.50,63.80,61.90,61.40,62.00
2,60.90,61.10,61.20,61.80,63.50,63.80,61.90,61.40,62.00,61.60
2,61.10,61.20,61.80,63.50,63.80,61.90,61.40,62.00,61.60,61.80
2,61.20,61.80,63.50,63.80,61.90,61.40,62.00,61.60,61.80,61.50
2,61.80,63.50,63.80,61.90,61.40,62.00,61.60,61.80,61.50,61.50
2,63.50,63.80,61.90,61.40,62.00,61.60,61.80,61.50,61.50,61.30
2,63.80,61.90,61.40,62.00,61.60,61.80,61.50,61.50,61.30,60.50
1,61.90,61.40,62.00,61.60,61.80,61.50,61.50,61.30,60.50,60.30
2,61.40,62.00,61.60,61.80,61.50,61.50,61.30,60.50,60.30,60.00
1,62.00,61.60,61.80,61.50,61.50,61.30,60.50,60.30,60.00,59.80
1,61.60,61.80,61.50,61.50,61.30,60.50,60.30,60.00,59.80,59.20
1,61.80,61.50,61.50,61.30,60.50,60.30,60.00,59.80,59.20,59.60
1,61.50,61.50,61.30,60.50,60.30,60.00,59.80,59.20,59.60,59.70
2,61.50,61.30,60.50,60.30,60.00,59.80,59.20,59.60,59.70,60.00
1,61.30,60.50,60.30,60.00,59.80,59.20,59.60,59.70,60.00,60.00
1,60.50,60.30,60.00,59.80,59.20,59.60,59.70,60.00,60.00,60.50
2,60.30,60.00,59.80,59.20,59.60,59.70,60.00,60.00,60.50,62.20
2,60.00,59.80,59.20,59.60,59.70,60.00,60.00,60.50,62.20,62.20
2,59.80,59.20,59.60,59.70,60.00,60.00,60.50,62.20,62.20,61.80
2,59.20,59.60,59.70,60.00,60.00,60.50,62.20,62.20,61.80,62.40
2,59.60,59.70,60.00,60.00,60.50,62.20,62.20,61.80,62.40,62.60
2,59.70,60.00,60.00,60.50,62.20,62.20,61.80,62.40,62.60,62.90
2,60.00,60.00,60.50,62.20,62.20,61.80,62.40,62.60,62.90,62.90
2,60.00,60.50,62.20,62.20,61.80,62.40,62.60,62.90,62.90,61.70
2,60.50,62.20,62.20,61.80,62.40,62.60,62.90,62.90,61.70,62.00
2,62.20,62.20,61.80,62.40,62.60,62.90,62.90,61.70,62.00,62.40
2,62.20,61.80,62.40,62.60,62.90,62.90,61.70,62.00,62.40,62.70
2,61.80,62.40,62.60,62.90,62.90,61.70,62.00,62.40,62.70,62.00
1,62.40,62.60,62.90,62.90,61.70,62.00,62.40,62.70,62.00,60.00
2,62.60,62.90,62.90,61.70,62.00,62.40,62.70,62.00,60.00,61.10
1,62.90,62.90,61.70,62.00,62.40,62.70,62.00,60.00,61.10,60.70
2,62.90,61.70,62.00,62.40,62.70,62.00,60.00,61.10,60.70,60.80
2,61.70,62.00,62.40,62.70,62.00,60.00,61.10,60.70,60.80,61.50
2,62.00,62.40,62.70,62.00,60.00,61.10,60.70,60.80,61.50,61.50
2,62.40,62.70,62.00,60.00,61.10,60.70,60.80,61.50,61.50,62.50
2,62.70,62.00,60.00,61.10,60.70,60.80,61.50,61.50,62.50,62.40
2,62.00,60.00,61.10,60.70,60.80,61.50,61.50,62.50,62.40,62.40
1,60.00,61.10,60.70,60.80,61.50,61.50,62.50,62.40,62.40,61.30
2,61.10,60.70,60.80,61.50,61.50,62.50,62.40,62.40,61.30,62.60
2,60.70,60.80,61.50,61.50,62.50,62.40,62.40,61.30,62.60,62.70
2,60.80,61.50,61.50,62.50,62.40,62.40,61.30,62.60,62.70,62.70
1,61.50,61.50,62.50,62.40,62.40,61.30,62.60,62.70,62.70,61.80
1,61.50,62.50,62.40,62.40,61.30,62.60,62.70,62.70,61.80,62.20
1,62.50,62.40,62.40,61.30,62.60,62.70,62.70,61.80,62.20,61.90
1,62.40,62.40,61.30,62.60,62.70,62.70,61.80,62.20,61.90,62.20
2,62.40,61.30,62.60,62.70,62.70,61.80,62.20,61.90,62.20,62.90
2,61.30,62.60,62.70,62.70,61.80,62.20,61.90,62.20,62.90,63.40
2,62.60,62.70,62.70,61.80,62.20,61.90,62.20,62.90,63.40,63.60
2,62.70,62.70,61.80,62.20,61.90,62.20,62.90,63.40,63.60,63.40
2,62.70,61.80,62.20,61.90,62.20,62.90,63.40,63.60,63.40,63.70
2,61.80,62.20,61.90,62.20,62.90,63.40,63.60,63.40,63.70,63.30
2,62.20,61.90,62.20,62.90,63.40,63.60,63.40,63.70,63.30,63.90
2,61.90,62.20,62.90,63.40,63.60,63.40,63.70,63.30,63.90,64.50
2,62.20,62.90,63.40,63.60,63.40,63.70,63.30,63.90,64.50,64.50
2,62.90,63.40,63.60,63.40,63.70,63.30,63.90,64.50,64.50,64.90
2,63.40,63.60,63.40,63.70,63.30,63.90,64.50,64.50,64.90,64.50
2,63.60,63.40,63.70,63.30,63.90,64.50,64.50,64.90,64.50,64.90
2,63.40,63.70,63.30,63.90,64.50,64.50,64.90,64.50,64.90,64.20
2,63.70,63.30,63.90,64.50,64.50,64.90,64.50,64.90,64.20,64.00
2,63.30,63.90,64.50,64.50,64.90,64.50,64.90,64.20,64.00,64.50
2,63.90,64.50,64.50,64.90,64.50,64.90,64.20,64.00,64.50,63.60
2,64.50,64.50,64.90,64.50,64.90,64.20,64.00,64.50,63.60,62.80
2,64.50,64.90,64.50,64.90,64.20,64.00,64.50,63.60,62.80,63.20
2,64.90,64.50,64.90,64.20,64.00,64.50,63.60,62.80,63.20,63.50
2,64.50,64.90,64.20,64.00,64.50,63.60,62.80,63.20,63.50,62.90
2,64.90,64.20,64.00,64.50,63.60,62.80,63.20,63.50,62.90,62.50
2,64.20,64.00,64.50,63.60,62.80,63.20,63.50,62.90,62.50,63.00
2,64.00,64.50,63.60,62.80,63.20,63.50,62.90,62.50,63.00,62.60
2,64.50,63.60,62.80,63.20,63.50,62.90,62.50,63.00,62.60,61.10
2,63.60,62.80,63.20,63.50,62.90,62.50,63.00,62.60,61.10,60.40
2,62.80,63.20,63.50,62.90,62.50,63.00,62.60,61.10,60.40,60.10
2,63.20,63.50,62.90,62.50,63.00,62.60,61.10,60.40,60.10,59.60
2,63.50,62.90,62.50,63.00,62.60,61.10,60.40,60.10,59.60,60.00
2,62.90,62.50,63.00,62.60,61.10,60.40,60.10,59.60,60.00,61.50
2,62.50,63.00,62.60,61.10,60.40,60.10,59.60,60.00,61.50,59.80
2,63.00,62.60,61.10,60.40,60.10,59.60,60.00,61.50,59.80,59.00
2,62.60,61.10,60.40,60.10,59.60,60.00,61.50,59.80,59.00,59.80
2,61.10,60.40,60.10,59.60,60.00,61.50,59.80,59.00,59.80,59.10
1,60.40,60.10,59.60,60.00,61.50,59.80,59.00,59.80,59.10,57.20
1,60.10,59.60,60.00,61.50,59.80,59.00,59.80,59.10,57.20,57.40
2,59.60,60.00,61.50,59.80,59.00,59.80,59.10,57.20,57.40,58.60
1,60.00,61.50,59.80,59.00,59.80,59.10,57.20,57.40,58.60,58.40
1,61.50,59.80,59.00,59.80,59.10,57.20,57.40,58.60,58.40,59.00
2,59.80,59.00,59.80,59.10,57.20,57.40,58.60,58.40,59.00,59.80
1,59.00,59.80,59.10,57.20,57.40,58.60,58.40,59.00,59.80,58.50
1,59.80,59.10,57.20,57.40,58.60,58.40,59.00,59.80,58.50,58.20
1,59.10,57.20,57.40,58.60,58.40,59.00,59.80,58.50,58.20,58.80
2,57.20,57.40,58.60,58.40,59.00,59.80,58.50,58.20,58.80,59.60
2,57.40,58.60,58.40,59.00,59.80,58.50,58.20,58.80,59.60,59.90
2,58.60,58.40,59.00,59.80,58.50,58.20,58.80,59.60,59.90,60.00
2,58.40,59.00,59.80,58.50,58.20,58.80,59.60,59.90,60.00,59.20
2,59.00,59.80,58.50,58.20,58.80,59.60,59.90,60.00,59.20,60.40
2,59.80,58.50,58.20,58.80,59.60,59.90,60.00,59.20,60.40,61.20
2,58.50,58.20,58.80,59.60,59.90,60.00,59.20,60.40,61.20,61.30
2,58.20,58.80,59.60,59.90,60.00,59.20,60.40,61.20,61.30,61.40
2,58.80,59.60,59.90,60.00,59.20,60.40,61.20,61.30,61.40,61.40
2,59.60,59.90,60.00,59.20,60.40,61.20,61.30,61.40,61.40,60.80
1,59.90,60.00,59.20,60.40,61.20,61.30,61.40,61.40,60.80,59.80
1,60.00,59.20,60.40,61.20,61.30,61.40,61.40,60.80,59.80,59.70
2,59.20,60.40,61.20,61.30,61.40,61.40,60.80,59.80,59.70,60.50
2,60.40,61.20,61.30,61.40,61.40,60.80,59.80,59.70,60.50,60.40
1,61.20,61.30,61.40,61.40,60.80,59.80,59.70,60.50,60.40,60.00
1,61.30,61.40,61.40,60.80,59.80,59.70,60.50,60.40,60.00,59.00
1,61.40,61.40,60.80,59.80,59.70,60.50,60.40,60.00,59.00,59.60
2,61.40,60.80,59.80,59.70,60.50,60.40,60.00,59.00,59.60,60.60
2,60.80,59.80,59.70,60.50,60.40,60.00,59.00,59.60,60.60,61.50
2,59.80,59.70,60.50,60.40,60.00,59.00,59.60,60.60,61.50,62.00
2,59.70,60.50,60.40,60.00,59.00,59.60,60.60,61.50,62.00,62.20
2,60.50,60.40,60.00,59.00,59.60,60.60,61.50,62.00,62.20,62.20
1,60.40,60.00,59.00,59.60,60.60,61.50,62.00,62.20,62.20,61.50
2,60.00,59.00,59.60,60.60,61.50,62.00,62.20,62.20,61.50,62.10
2,59.00,59.60,60.60,61.50,62.00,62.20,62.20,61.50,62.10,62.40
2,59.60,60.60,61.50,62.00,62.20,62.20,61.50,62.10,62.40,63.40
2,60.60,61.50,62.00,62.20,62.20,61.50,62.10,62.40,63.40,63.50
2,61.50,62.00,62.20,62.20,61.50,62.10,62.40,63.40,63.50,62.30
2,62.00,62.20,62.20,61.50,62.10,62.40,63.40,63.50,62.30,62.70
2,62.20,62.20,61.50,62.10,62.40,63.40,63.50,62.30,62.70,63.10
2,62.20,61.50,62.10,62.40,63.40,63.50,62.30,62.70,63.10,62.90
2,61.50,62.10,62.40,63.40,63.50,62.30,62.70,63.10,62.90,63.80
2,62.10,62.40,63.40,63.50,62.30,62.70,63.10,62.90,63.80,64.40
2,62.40,63.40,63.50,62.30,62.70,63.10,62.90,63.80,64.40,63.00
2,63.40,63.50,62.30,62.70,63.10,62.90,63.80,64.40,63.00,62.60
2,63.50,62.30,62.70,63.10,62.90,63.80,64.40,63.00,62.60,62.80
2,62.30,62.70,63.10,62.90,63.80,64.40,63.00,62.60,62.80,62.40
2,62.70,63.10,62.90,63.80,64.40,63.00,62.60,62.80,62.40,61.60
2,63.10,62.90,63.80,64.40,63.00,62.60,62.80,62.40,61.60,61.70
2,62.90,63.80,64.40,63.00,62.60,62.80,62.40,61.60,61.70,63.50
2,63.80,64.40,63.00,62.60,62.80,62.40,61.60,61.70,63.50,63.70
2,64.40,63.00,62.60,62.80,62.40,61.60,61.70,63.50,63.70,62.10
2,63.00,62.60,62.80,62.40,61.60,61.70,63.50,63.70,62.10,61.60
2,62.60,62.80,62.40,61.60,61.70,63.50,63.70,62.10,61.60,61.80
2,62.80,62.40,61.60,61.70,63.50,63.70,62.10,61.60,61.80,61.60
2,62.40,61.60,61.70,63.50,63.70,62.10,61.60,61.80,61.60,61.00
2,61.60,61.70,63.50,63.70,62.10,61.60,61.80,61.60,61.00,59.80
2,61.70,63.50,63.70,62.10,61.60,61.80,61.60,61.00,59.80,59.50
2,63.50,63.70,62.10,61.60,61.80,61.60,61.00,59.80,59.50,59.40
2,63.70,62.10,61.60,61.80,61.60,61.00,59.80,59.50,59.40,59.80
2,62.10,61.60,61.80,61.60,61.00,59.80,59.50,59.40,59.80,60.10
2,61.60,61.80,61.60,61.00,59.80,59.50,59.40,59.80,60.10,60.10
2,61.80,61.60,61.00,59.80,59.50,59.40,59.80,60.10,60.10,61.20
2,61.60,61.00,59.80,59.50,59.40,59.80,60.10,60.10,61.20,61.20
2,61.00,59.80,59.50,59.40,59.80,60.10,60.10,61.20,61.20,59.20
2,59.80,59.50,59.40,59.80,60.10,60.10,61.20,61.20,59.20,59.50
2,59.50,59.40,59.80,60.10,60.10,61.20,61.20,59.20,59.50,59.30
1,59.40,59.80,60.10,60.10,61.20,61.20,59.20,59.50,59.30,58.90
1,59.80,60.10,60.10,61.20,61.20,59.20,59.50,59.30,58.90,58.80
2,60.10,60.10,61.20,61.20,59.20,59.50,59.30,58.90,58.80,59.00
2,60.10,61.20,61.20,59.20,59.50,59.30,58.90,58.80,59.00,58.40
2,61.20,61.20,59.20,59.50,59.30,58.90,58.80,59.00,58.40,58.90
2,61.20,59.20,59.50,59.30,58.90,58.80,59.00,58.40,58.90,58.70
1,59.20,59.50,59.30,58.90,58.80,59.00,58.40,58.90,58.70,58.70
2,59.50,59.30,58.90,58.80,59.00,58.40,58.90,58.70,58.70,60.20
2,59.30,58.90,58.80,59.00,58.40,58.90,58.70,58.70,60.20,59.80
1,58.90,58.80,59.00,58.40,58.90,58.70,58.70,60.20,59.80,59.80
1,58.80,59.00,58.40,58.90,58.70,58.70,60.20,59.80,59.80,60.80
1,59.00,58.40,58.90,58.70,58.70,60.20,59.80,59.80,60.80,61.00
1,58.40,58.90,58.70,58.70,60.20,59.80,59.80,60.80,61.00,59.20
1,58.90,58.70,58.70,60.20,59.80,59.80,60.80,61.00,59.20,58.50
1,58.70,58.70,60.20,59.80,59.80,60.80,61.00,59.20,58.50,58.60
1,58.70,60.20,59.80,59.80,60.80,61.00,59.20,58.50,58.60,59.40
2,60.20,59.80,59.80,60.80,61.00,59.20,58.50,58.60,59.40,60.50
2,59.80,59.80,60.80,61.00,59.20,58.50,58.60,59.40,60.50,61.10
2,59.80,60.80,61.00,59.20,58.50,58.60,59.40,60.50,61.10,61.40
2,60.80,61.00,59.20,58.50,58.60,59.40,60.50,61.10,61.40,62.10
2,61.00,59.20,58.50,58.60,59.40,60.50,61.10,61.40,62.10,62.70
2,59.20,58.50,58.60,59.40,60.50,61.10,61.40,62.10,62.70,63.30
2,58.50,58.60,59.40,60.50,61.10,61.40,62.10,62.70,63.30,62.60
2,58.60,59.40,60.50,61.10,61.40,62.10,62.70,63.30,62.60,62.10
2,59.40,60.50,61.10,61.40,62.10,62.70,63.30,62.60,62.10,62.00
2,60.50,61.10,61.40,62.10,62.70,63.30,62.60,62.10,62.00,61.40
2,61.10,61.40,62.10,62.70,63.30,62.60,62.10,62.00,61.40,61.70
2,61.40,62.10,62.70,63.30,62.60,62.10,62.00,61.40,61.70,61.00
2,62.10,62.70,63.30,62.60,62.10,62.00,61.40,61.70,61.00,60.60
2,62.70,63.30,62.60,62.10,62.00,61.40,61.70,61.00,60.60,60.00
2,63.30,62.60,62.10,62.00,61.40,61.70,61.00,60.60,60.00,60.30
2,62.60,62.10,62.00,61.40,61.70,61.00,60.60,60.00,60.30,61.40
2,62.10,62.00,61.40,61.70,61.00,60.60,60.00,60.30,61.40,59.90
1,62.00,61.40,61.70,61.00,60.60,60.00,60.30,61.40,59.90,59.50
2,61.40,61.70,61.00,60.60,60.00,60.30,61.40,59.90,59.50,60.40
1,61.70,61.00,60.60,60.00,60.30,61.40,59.90,59.50,60.40,60.40
1,61.00,60.60,60.00,60.30,61.40,59.90,59.50,60.40,60.40,59.80
1,60.60,60.00,60.30,61.40,59.90,59.50,60.40,60.40,59.80,59.60
1,60.00,60.30,61.40,59.90,59.50,60.40,60.40,59.80,59.60,60.40
1,60.30,61.40,59.90,59.50,60.40,60.40,59.80,59.60,60.40,60.30
1,61.40,59.90,59.50,60.40,60.40,59.80,59.60,60.40,60.30,59.90
2,59.90,59.50,60.40,60.40,59.80,59.60,60.40,60.30,59.90,61.10
2,59.50,60.40,60.40,59.80,59.60,60.40,60.30,59.90,61.10,61.50
2,60.40,60.40,59.80,59.60,60.40,60.30,59.90,61.10,61.50,61.80
2,60.40,59.80,59.60,60.40,60.30,59.90,61.10,61.50,61.80,62.00
2,59.80,59.60,60.40,60.30,59.90,61.10,61.50,61.80,62.00,62.80
2,59.60,60.40,60.30,59.90,61.10,61.50,61.80,62.00,62.80,62.60
2,60.40,60.30,59.90,61.10,61.50,61.80,62.00,62.80,62.60,62.50
2,60.30,59.90,61.10,61.50,61.80,62.00,62.80,62.60,62.50,63.00
2,59.90,61.10,61.50,61.80,62.00,62.80,62.60,62.50,63.00,63.00
2,61.10,61.50,61.80,62.00,62.80,62.60,62.50,63.00,63.00,62.40
2,61.50,61.80,62.00,62.80,62.60,62.50,63.00,63.00,62.40,62.30
2,61.80,62.00,62.80,62.60,62.50,63.00,63.00,62.40,62.30,62.00
2,62.00,62.80,62.60,62.50,63.00,63.00,62.40,62.30,62.00,62.00
2,62.80,62.60,62.50,63.00,63.00,62.40,62.30,62.00,62.00,61.90
2,62.60,62.50,63.00,63.00,62.40,62.30,62.00,62.00,61.90,60.90
2,62.50,63.00,63.00,62.40,62.30,62.00,62.00,61.90,60.90,60.70
2,63.00,63.00,62.40,62.30,62.00,62.00,61.90,60.90,60.70,61.00
2,63.00,62.40,62.30,62.00,62.00,61.90,60.90,60.70,61.00,61.00
2,62.40,62.30,62.00,62.00,61.90,60.90,60.70,61.00,61.00,60.20
2,62.30,62.00,62.00,61.90,60.90,60.70,61.00,61.00,60.20,60.10
2,62.00,62.00,61.90,60.90,60.70,61.00,61.00,60.20,60.10,60.30
2,62.00,61.90,60.90,60.70,61.00,61.00,60.20,60.10,60.30,59.80
2,61.90,60.90,60.70,61.00,61.00,60.20,60.10,60.30,59.80,59.60
2,60.90,60.70,61.00,61.00,60.20,60.10,60.30,59.80,59.60,60.10
2,60.70,61.00,61.00,60.20,60.10,60.30,59.80,59.60,60.10,59.90
2,61.00,61.00,60.20,60.10,60.30,59.80,59.60,60.10,59.90,60.10
2,61.00,60.20,60.10,60.30,59.80,59.60,60.10,59.90,60.10,59.60
2,60.20,60.10,60.30,59.80,59.60,60.10,59.90,60.10,59.60,58.70
2,60.10,60.30,59.80,59.60,60.10,59.90,60.10,59.60,58.70,58.80
2,60.30,59.80,59.60,60.10,59.90,60.10,59.60,58.70,58.80,58.80
2,59.80,59.60,60.10,59.90,60.10,59.60,58.70,58.80,58.80,59.40
1,59.60,60.10,59.90,60.10,59.60,58.70,58.80,58.80,59.40,58.90
1,60.10,59.90,60.10,59.60,58.70,58.80,58.80,59.40,58.90,59.10
2,59.90,60.10,59.60,58.70,58.80,58.80,59.40,58.90,59.10,59.50
2,60.10,59.60,58.70,58.80,58.80,59.40,58.90,59.10,59.50,59.80
2,59.60,58.70,58.80,58.80,59.40,58.90,59.10,59.50,59.80,60.50
2,58.70,58.80,58.80,59.40,58.90,59.10,59.50,59.80,60.50,60.20
2,58.80,58.80,59.40,58.90,59.10,59.50,59.80,60.50,60.20,59.30
2,58.80,59.40,58.90,59.10,59.50,59.80,60.50,60.20,59.30,59.50
2,59.40,58.90,59.10,59.50,59.80,60.50,60.20,59.30,59.50,59.30
2,58.90,59.10,59.50,59.80,60.50,60.20,59.30,59.50,59.30,60.90
2,59.10,59.50,59.80,60.50,60.20,59.30,59.50,59.30,60.90,61.00
2,59.50,59.80,60.50,60.20,59.30,59.50,59.30,60.90,61.00,61.20
2,59.80,60.50,60.20,59.30,59.50,59.30,60.90,61.00,61.20,60.50
2,60.50,60.20,59.30,59.50,59.30,60.90,61.00,61.20,60.50,61.20
2,60.20,59.30,59.50,59.30,60.90,61.00,61.20,60.50,61.20,62.00
2,59.30,59.50,59.30,60.90,61.00,61.20,60.50,61.20,62.00,61.80
2,59.50,59.30,60.90,61.00,61.20,60.50,61.20,62.00,61.80,60.00
2,59.30,60.90,61.00,61.20,60.50,61.20,62.00,61.80,60.00,60.10
2,60.90,61.00,61.20,60.50,61.20,62.00,61.80,60.00,60.10,60.70
2,61.00,61.20,60.50,61.20,62.00,61.80,60.00,60.10,60.70,61.00
2,61.20,60.50,61.20,62.00,61.80,60.00,60.10,60.70,61.00,61.50
2,60.50,61.20,62.00,61.80,60.00,60.10,60.70,61.00,61.50,62.00
2,61.20,62.00,61.80,60.00,60.10,60.70,61.00,61.50,62.00,62.00
2,62.00,61.80,60.00,60.10,60.70,61.00,61.50,62.00,62.00,61.90
2,61.80,60.00,60.10,60.70,61.00,61.50,62.00,62.00,61.90,61.10
2,60.00,60.10,60.70,61.00,61.50,62.00,62.00,61.90,61.10,61.80
2,60.10,60.70,61.00,61.50,62.00,62.00,61.90,61.10,61.80,61.30
2,60.70,61.00,61.50,62.00,62.00,61.90,61.10,61.80,61.30,61.80
2,61.00,61.50,62.00,62.00,61.90,61.10,61.80,61.30,61.80,61.50
2,61.50,62.00,62.00,61.90,61.10,61.80,61.30,61.80,61.50,61.00
2,62.00,62.00,61.90,61.10,61.80,61.30,61.80,61.50,61.00,61.00
2,62.00,61.90,61.10,61.80,61.30,61.80,61.50,61.00,61.00,61.80
2,61.90,61.10,61.80,61.30,61.80,61.50,61.00,61.00,61.80,61.90
1,61.10,61.80,61.30,61.80,61.50,61.00,61.00,61.80,61.90,60.50
1,61.80,61.30,61.80,61.50,61.00,61.00,61.80,61.90,60.50,60.70
1,61.30,61.80,61.50,61.00,61.00,61.80,61.90,60.50,60.70,61.00
1,61.80,61.50,61.00,61.00,61.80,61.90,60.50,60.70,61.00,61.00
1,61.50,61.00,61.00,61.80,61.90,60.50,60.70,61.00,61.00,61.80
2,61.00,61.00,61.80,61.90,60.50,60.70,61.00,61.00,61.80,62.00
2,61.00,61.80,61.90,60.50,60.70,61.00,61.00,61.80,62.00,62.30
1,61.80,61.90,60.50,60.70,61.00,61.00,61.80,62.00,62.30,62.00
2,61.90,60.50,60.70,61.00,61.00,61.80,62.00,62.30,62.00,62.70
2,60.50,60.70,61.00,61.00,61.80,62.00,62.30,62.00,62.70,62.80
2,60.70,61.00,61.00,61.80,62.00,62.30,62.00,62.70,62.80,63.50
2,61.00,61.00,61.80,62.00,62.30,62.00,62.70,62.80,63.50,63.30
2,61.00,61.80,62.00,62.30,62.00,62.70,62.80,63.50,63.30,63.90
2,61.80,62.00,62.30,62.00,62.70,62.80,63.50,63.30,63.90,63.90
2,62.00,62.30,62.00,62.70,62.80,63.50,63.30,63.90,63.90,64.20
2,62.30,62.00,62.70,62.80,63.50,63.30,63.90,63.90,64.20,63.30
2,62.00,62.70,62.80,63.50,63.30,63.90,63.90,64.20,63.30,64.00
2,62.70,62.80,63.50,63.30,63.90,63.90,64.20,63.30,64.00,64.20
2,62.80,63.50,63.30,63.90,63.90,64.20,63.30,64.00,64.20,63.70
2,63.50,63.30,63.90,63.90,64.20,63.30,64.00,64.20,63.70,63.00
2,63.30,63.90,63.90,64.20,63.30,64.00,64.20,63.70,63.00,63.90
2,63.90,63.90,64.20,63.30,64.00,64.20,63.70,63.00,63.90,64.50
2,63.90,64.20,63.30,64.00,64.20,63.70,63.00,63.90,64.50,63.80
1,64.20,63.30,64.00,64.20,63.70,63.00,63.90,64.50,63.80,63.30
1,63.30,64.00,64.20,63.70,63.00,63.90,64.50,63.80,63.30,63.70
1,64.00,64.20,63.70,63.00,63.90,64.50,63.80,63.30,63.70,63.80
1,64.20,63.70,63.00,63.90,64.50,63.80,63.30,63.70,63.80,63.40
1,63.70,63.00,63.90,64.50,63.80,63.30,63.70,63.80,63.40,63.20
1,63.00,63.90,64.50,63.80,63.30,63.70,63.80,63.40,63.20,64.40
1,63.90,64.50,63.80,63.30,63.70,63.80,63.40,63.20,64.40,64.40
1,64.50,63.80,63.30,63.70,63.80,63.40,63.20,64.40,64.40,64.30
1,63.80,63.30,63.70,63.80,63.40,63.20,64.40,64.40,64.30,63.40
1,63.30,63.70,63.80,63.40,63.20,64.40,64.40,64.30,63.40,64.60
1,63.70,63.80,63.40,63.20,64.40,64.40,64.30,63.40,64.60,66.20
1,63.80,63.40,63.20,64.40,64.40,64.30,63.40,64.60,66.20,68.30
1,63.40,63.20,64.40,64.40,64.30,63.40,64.60,66.20,68.30,68.50
1,63.20,64.40,64.40,64.30,63.40,64.60,66.20,68.30,68.50,68.00
1,64.40,64.40,64.30,63.40,64.60,66.20,68.30,68.50,68.00,68.00
2,64.40,64.30,63.40,64.60,66.20,68.30,68.50,68.00,68.00,70.00
2,64.30,63.40,64.60,66.20,68.30,68.50,68.00,68.00,70.00,69.70
2,63.40,64.60,66.20,68.30,68.50,68.00,68.00,70.00,69.70,69.40
2,64.60,66.20,68.30,68.50,68.00,68.00,70.00,69.70,69.40,69.00
2,66.20,68.30,68.50,68.00,68.00,70.00,69.70,69.40,69.00,70.00
2,68.30,68.50,68.00,68.00,70.00,69.70,69.40,69.00,70.00,71.20
2,68.50,68.00,68.00,70.00,69.70,69.40,69.00,70.00,71.20,72.90
2,68.00,68.00,70.00,69.70,69.40,69.00,70.00,71.20,72.90,71.20
2,68.00,70.00,69.70,69.40,69.00,70.00,71.20,72.90,71.20,71.30
2,70.00,69.70,69.40,69.00,70.00,71.20,72.90,71.20,71.30,71.20
2,69.70,69.40,69.00,70.00,71.20,72.90,71.20,71.30,71.20,71.00
2,69.40,69.00,70.00,71.20,72.90,71.20,71.30,71.20,71.00,70.80
1,69.00,70.00,71.20,72.90,71.20,71.30,71.20,71.00,70.80,70.70
1,70.00,71.20,72.90,71.20,71.30,71.20,71.00,70.80,70.70,70.90
1,71.20,72.90,71.20,71.30,71.20,71.00,70.80,70.70,70.90,70.60
1,72.90,71.20,71.30,71.20,71.00,70.80,70.70,70.90,70.60,70.60
1,71.20,71.30,71.20,71.00,70.80,70.70,70.90,70.60,70.60,71.00
1,71.30,71.20,71.00,70.80,70.70,70.90,70.60,70.60,71.00,71.10
1,71.20,71.00,70.80,70.70,70.90,70.60,70.60,71.00,71.10,71.20
1,71.00,70.80,70.70,70.90,70.60,70.60,71.00,71.10,71.20,69.80
1,70.80,70.70,70.90,70.60,70.60,71.00,71.10,71.20,69.80,71.00
2,70.70,70.90,70.60,70.60,71.00,71.10,71.20,69.80,71.00,72.50
2,70.90,70.60,70.60,71.00,71.10,71.20,69.80,71.00,72.50,74.20
2,70.60,70.60,71.00,71.10,71.20,69.80,71.00,72.50,74.20,74.50
2,70.60,71.00,71.10,71.20,69.80,71.00,72.50,74.20,74.50,74.90
2,71.00,71.10,71.20,69.80,71.00,72.50,74.20,74.50,74.90,74.60
2,71.10,71.20,69.80,71.00,72.50,74.20,74.50,74.90,74.60,74.80
2,71.20,69.80,71.00,72.50,74.20,74.50,74.90,74.60,74.80,75.80
2,69.80,71.00,72.50,74.20,74.50,74.90,74.60,74.80,75.80,76.80
2,71.00,72.50,74.20,74.50,74.90,74.60,74.80,75.80,76.80,78.00
2,72.50,74.20,74.50,74.90,74.60,74.80,75.80,76.80,78.00,76.40
2,74.20,74.50,74.90,74.60,74.80,75.80,76.80,78.00,76.40,74.60
2,74.50,74.90,74.60,74.80,75.80,76.80,78.00,76.40,74.60,75.30
2,74.90,74.60,74.80,75.80,76.80,78.00,76.40,74.60,75.30,75.00
2,74.60,74.80,75.80,76.80,78.00,76.40,74.60,75.30,75.00,74.60
2,74.80,75.80,76.80,78.00,76.40,74.60,75.30,75.00,74.60,75.20
2,75.80,76.80,78.00,76.40,74.60,75.30,75.00,74.60,75.20,76.30
2,76.80,78.00,76.40,74.60,75.30,75.00,74.60,75.20,76.30,75.50
2,78.00,76.40,74.60,75.30,75.00,74.60,75.20,76.30,75.50,73.80
2,76.40,74.60,75.30,75.00,74.60,75.20,76.30,75.50,73.80,72.00
2,74.60,75.30,75.00,74.60,75.20,76.30,75.50,73.80,72.00,71.40
2,75.30,75.00,74.60,75.20,76.30,75.50,73.80,72.00,71.40,72.50
2,75.00,74.60,75.20,76.30,75.50,73.80,72.00,71.40,72.50,72.50
2,74.60,75.20,76.30,75.50,73.80,72.00,71.40,72.50,72.50,72.10
2,75.20,76.30,75.50,73.80,72.00,71.40,72.50,72.50,72.10,72.50
2,76.30,75.50,73.80,72.00,71.40,72.50,72.50,72.10,72.50,73.00
2,75.50,73.80,72.00,71.40,72.50,72.50,72.10,72.50,73.00,73.40
2,73.80,72.00,71.40,72.50,72.50,72.10,72.50,73.00,73.40,72.50
2,72.00,71.40,72.50,72.50,72.10,72.50,73.00,73.40,72.50,71.00
2,71.40,72.50,72.50,72.10,72.50,73.00,73.40,72.50,71.00,70.50
2,72.50,72.50,72.10,72.50,73.00,73.40,72.50,71.00,70.50,70.50
2,72.50,72.10,72.50,73.00,73.40,72.50,71.00,70.50,70.50,71.40
2,72.10,72.50,73.00,73.40,72.50,71.00,70.50,70.50,71.40,70.40
2,72.50,73.00,73.40,72.50,71.00,70.50,70.50,71.40,70.40,70.80
2,73.00,73.40,72.50,71.00,70.50,70.50,71.40,70.40,70.80,71.80
2,73.40,72.50,71.00,70.50,70.50,71.40,70.40,70.80,71.80,70.90
2,72.50,71.00,70.50,70.50,71.40,70.40,70.80,71.80,70.90,71.50
2,71.00,70.50,70.50,71.40,70.40,70.80,71.80,70.90,71.50,71.40
2,70.50,70.50,71.40,70.40,70.80,71.80,70.90,71.50,71.40,70.50
2,70.50,71.40,70.40,70.80,71.80,70.90,71.50,71.40,70.50,70.00
2,71.40,70.40,70.80,71.80,70.90,71.50,71.40,70.50,70.00,70.30
1,70.40,70.80,71.80,70.90,71.50,71.40,70.50,70.00,70.30,68.00
2,70.80,71.80,70.90,71.50,71.40,70.50,70.00,70.30,68.00,68.50
1,71.80,70.90,71.50,71.40,70.50,70.00,70.30,68.00,68.50,67.40
1,70.90,71.50,71.40,70.50,70.00,70.30,68.00,68.50,67.40,68.30
1,71.50,71.40,70.50,70.00,70.30,68.00,68.50,67.40,68.30,69.00
1,71.40,70.50,70.00,70.30,68.00,68.50,67.40,68.30,69.00,68.60
1,70.50,70.00,70.30,68.00,68.50,67.40,68.30,69.00,68.60,68.70
2,70.00,70.30,68.00,68.50,67.40,68.30,69.00,68.60,68.70,69.40
2,70.30,68.00,68.50,67.40,68.30,69.00,68.60,68.70,69.40,71.20
2,68.00,68.50,67.40,68.30,69.00,68.60,68.70,69.40,71.20,71.00
2,68.50,67.40,68.30,69.00,68.60,68.70,69.40,71.20,71.00,70.80
2,67.40,68.30,69.00,68.60,68.70,69.40,71.20,71.00,70.80,70.30
2,68.30,69.00,68.60,68.70,69.40,71.20,71.00,70.80,70.30,70.60
2,69.00,68.60,68.70,69.40,71.20,71.00,70.80,70.30,70.60,70.70
2,68.60,68.70,69.40,71.20,71.00,70.80,70.30,70.60,70.70,72.90
2,68.70,69.40,71.20,71.00,70.80,70.30,70.60,70.70,72.90,72.80
2,69.40,71.20,71.00,70.80,70.30,70.60,70.70,72.90,72.80,72.90
2,71.20,71.00,70.80,70.30,70.60,70.70,72.90,72.80,72.90,71.10
2,71.00,70.80,70.30,70.60,70.70,72.90,72.80,72.90,71.10,70.10
2,70.80,70.30,70.60,70.70,72.90,72.80,72.90,71.10,70.10,70.70
1,70.30,70.60,70.70,72.90,72.80,72.90,71.10,70.10,70.70,69.80
1,70.60,70.70,72.90,72.80,72.90,71.10,70.10,70.70,69.80,69.20
1,70.70,72.90,72.80,72.90,71.10,70.10,70.70,69.80,69.20,69.00
1,72.90,72.80,72.90,71.10,70.10,70.70,69.80,69.20,69.00,68.10
1,72.80,72.90,71.10,70.10,70.70,69.80,69.20,69.00,68.10,69.80
1,72.90,71.10,70.10,70.70,69.80,69.20,69.00,68.10,69.80,70.70
1,71.10,70.10,70.70,69.80,69.20,69.00,68.10,69.80,70.70,70.90
1,70.10,70.70,69.80,69.20,69.00,68.10,69.80,70.70,70.90,70.30
1,70.70,69.80,69.20,69.00,68.10,69.80,70.70,70.90,70.30,70.30
1,69.80,69.20,69.00,68.10,69.80,70.70,70.90,70.30,70.30,72.30
1,69.20,69.00,68.10,69.80,70.70,70.90,70.30,70.30,72.30,73.00
2,69.00,68.10,69.80,70.70,70.90,70.30,70.30,72.30,73.00,73.20
2,68.10,69.80,70.70,70.90,70.30,70.30,72.30,73.00,73.20,74.60
2,69.80,70.70,70.90,70.30,70.30,72.30,73.00,73.20,74.60,73.80
2,70.70,70.90,70.30,70.30,72.30,73.00,73.20,74.60,73.80,74.80
2,70.90,70.30,70.30,72.30,73.00,73.20,74.60,73.80,74.80,75.00
2,70.30,70.30,72.30,73.00,73.20,74.60,73.80,74.80,75.00,75.50
2,70.30,72.30,73.00,73.20,74.60,73.80,74.80,75.00,75.50,74.40
2,72.30,73.00,73.20,74.60,73.80,74.80,75.00,75.50,74.40,75.00
2,73.00,73.20,74.60,73.80,74.80,75.00,75.50,74.40,75.00,75.70
2,73.20,74.60,73.80,74.80,75.00,75.50,74.40,75.00,75.70,75.90
2,74.60,73.80,74.80,75.00,75.50,74.40,75.00,75.70,75.90,74.90
2,73.80,74.80,75.00,75.50,74.40,75.00,75.70,75.90,74.90,75.60
2,74.80,75.00,75.50,74.40,75.00,75.70,75.90,74.90,75.60,75.30
2,75.00,75.50,74.40,75.00,75.70,75.90,74.90,75.60,75.30,75.20
2,75.50,74.40,75.00,75.70,75.90,74.90,75.60,75.30,75.20,75.50
1,74.40,75.00,75.70,75.90,74.90,75.60,75.30,75.20,75.50,75.10
1,75.00,75.70,75.90,74.90,75.60,75.30,75.20,75.50,75.10,74.80
1,75.70,75.90,74.90,75.60,75.30,75.20,75.50,75.10,74.80,74.50
2,75.90,74.90,75.60,75.30,75.20,75.50,75.10,74.80,74.50,74.20
2,74.90,75.60,75.30,75.20,75.50,75.10,74.80,74.50,74.20,74.00
2,75.60,75.30,75.20,75.50,75.10,74.80,74.50,74.20,74.00,75.10
2,75.30,75.20,75.50,75.10,74.80,74.50,74.20,74.00,75.10,76.70
2,75.20,75.50,75.10,74.80,74.50,74.20,74.00,75.10,76.70,77.00
2,75.50,75.10,74.80,74.50,74.20,74.00,75.10,76.70,77.00,76.40
2,75.10,74.80,74.50,74.20,74.00,75.10,76.70,77.00,76.40,77.20
2,74.80,74.50,74.20,74.00,75.10,76.70,77.00,76.40,77.20,77.50
2,74.50,74.20,74.00,75.10,76.70,77.00,76.40,77.20,77.50,77.50
2,74.20,74.00,75.10,76.70,77.00,76.40,77.20,77.50,77.50,76.90
2,74.00,75.10,76.70,77.00,76.40,77.20,77.50,77.50,76.90,75.30
2,75.10,76.70,77.00,76.40,77.20,77.50,77.50,76.90,75.30,74.70
2,76.70,77.00,76.40,77.20,77.50,77.50,76.90,75.30,74.70,76.20
2,77.00,76.40,77.20,77.50,77.50,76.90,75.30,74.70,76.20,77.00
2,76.40,77.20,77.50,77.50,76.90,75.30,74.70,76.20,77.00,75.50
2,77.20,77.50,77.50,76.90,75.30,74.70,76.20,77.00,75.50,74.20
2,77.50,77.50,76.90,75.30,74.70,76.20,77.00,75.50,74.20,74.90
2,77.50,76.90,75.30,74.70,76.20,77.00,75.50,74.20,74.90,75.90
2,76.90,75.30,74.70,76.20,77.00,75.50,74.20,74.90,75.90,75.00
2,75.30,74.70,76.20,77.00,75.50,74.20,74.90,75.90,75.00,74.20
2,74.70,76.20,77.00,75.50,74.20,74.90,75.90,75.00,74.20,72.90
2,76.20,77.00,75.50,74.20,74.90,75.90,75.00,74.20,72.90,72.00
2,77.00,75.50,74.20,74.90,75.90,75.00,74.20,72.90,72.00,72.50
2,75.50,74.20,74.90,75.90,75.00,74.20,72.90,72.00,72.50,71.40
2,74.20,74.90,75.90,75.00,74.20,72.90,72.00,72.50,71.40,72.20
2,74.90,75.90,75.00,74.20,72.90,72.00,72.50,71.40,72.20,72.80
2,75.90,75.00,74.20,72.90,72.00,72.50,71.40,72.20,72.80,73.50
2,75.00,74.20,72.90,72.00,72.50,71.40,72.20,72.80,73.50,73.20
2,74.20,72.90,72.00,72.50,71.40,72.20,72.80,73.50,73.20,72.80
2,72.90,72.00,72.50,71.40,72.20,72.80,73.50,73.20,72.80,71.60
2,72.00,72.50,71.40,72.20,72.80,73.50,73.20,72.80,71.60,72.50
2,72.50,71.40,72.20,72.80,73.50,73.20,72.80,71.60,72.50,71.30
1,71.40,72.20,72.80,73.50,73.20,72.80,71.60,72.50,71.30,70.30
2,72.20,72.80,73.50,73.20,72.80,71.60,72.50,71.30,70.30,72.20
1,72.80,73.50,73.20,72.80,71.60,72.50,71.30,70.30,72.20,70.70
1,73.50,73.20,72.80,71.60,72.50,71.30,70.30,72.20,70.70,69.90
1,73.20,72.80,71.60,72.50,71.30,70.30,72.20,70.70,69.90,69.70
1,72.80,71.60,72.50,71.30,70.30,72.20,70.70,69.90,69.70,68.50
2,71.60,72.50,71.30,70.30,72.20,70.70,69.90,69.70,68.50,71.60
2,72.50,71.30,70.30,72.20,70.70,69.90,69.70,68.50,71.60,71.60
2,71.30,70.30,72.20,70.70,69.90,69.70,68.50,71.60,71.60,72.00
2,70.30,72.20,70.70,69.90,69.70,68.50,71.60,71.60,72.00,72.00
2,72.20,70.70,69.90,69.70,68.50,71.60,71.60,72.00,72.00,73.70
2,70.70,69.90,69.70,68.50,71.60,71.60,72.00,72.00,73.70,73.40
2,69.90,69.70,68.50,71.60,71.60,72.00,72.00,73.70,73.40,73.00
2,69.70,68.50,71.60,71.60,72.00,72.00,73.70,73.40,73.00,72.00
2,68.50,71.60,71.60,72.00,72.00,73.70,73.40,73.00,72.00,72.60
2,71.60,71.60,72.00,72.00,73.70,73.40,73.00,72.00,72.60,71.40
2,71.60,72.00,72.00,73.70,73.40,73.00,72.00,72.60,71.40,70.10
2,72.00,72.00,73.70,73.40,73.00,72.00,72.60,71.40,70.10,70.00
2,72.00,73.70,73.40,73.00,72.00,72.60,71.40,70.10,70.00,66.60
2,73.70,73.40,73.00,72.00,72.60,71.40,70.10,70.00,66.60,65.20
1,73.40,73.00,72.00,72.60,71.40,70.10,70.00,66.60,65.20,63.30
2,73.00,72.00,72.60,71.40,70.10,70.00,66.60,65.20,63.30,65.80
2,72.00,72.60,71.40,70.10,70.00,66.60,65.20,63.30,65.80,66.40
1,72.60,71.40,70.10,70.00,66.60,65.20,63.30,65.80,66.40,65.10
1,71.40,70.10,70.00,66.60,65.20,63.30,65.80,66.40,65.10,66.80
1,70.10,70.00,66.60,65.20,63.30,65.80,66.40,65.10,66.80,66.00
1,70.00,66.60,65.20,63.30,65.80,66.40,65.10,66.80,66.00,65.80
1,66.60,65.20,63.30,65.80,66.40,65.10,66.80,66.00,65.80,64.40
1,65.20,63.30,65.80,66.40,65.10,66.80,66.00,65.80,64.40,63.90
2,63.30,65.80,66.40,65.10,66.80,66.00,65.80,64.40,63.90,65.00
2,65.80,66.40,65.10,66.80,66.00,65.80,64.40,63.90,65.00,66.80
2,66.40,65.10,66.80,66.00,65.80,64.40,63.90,65.00,66.80,67.50
2,65.10,66.80,66.00,65.80,64.40,63.90,65.00,66.80,67.50,67.00
2,66.80,66.00,65.80,64.40,63.90,65.00,66.80,67.50,67.00,67.90
2,66.00,65.80,64.40,63.90,65.00,66.80,67.50,67.00,67.90,69.40
2,65.80,64.40,63.90,65.00,66.80,67.50,67.00,67.90,69.40,69.00
2,64.40,63.90,65.00,66.80,67.50,67.00,67.90,69.40,69.00,69.40
1,63.90,65.00,66.80,67.50,67.00,67.90,69.40,69.00,69.40,68.60
1,65.00,66.80,67.50,67.00,67.90,69.40,69.00,69.40,68.60,67.50
1,66.80,67.50,67.00,67.90,69.40,69.00,69.40,68.60,67.50,66.60
1,67.50,67.00,67.90,69.40,69.00,69.40,68.60,67.50,66.60,66.10
2,67.00,67.90,69.40,69.00,69.40,68.60,67.50,66.60,66.10,68.60
2,67.90,69.40,69.00,69.40,68.60,67.50,66.60,66.10,68.60,68.70
2,69.40,69.00,69.40,68.60,67.50,66.60,66.10,68.60,68.70,69.30
2,69.00,69.40,68.60,67.50,66.60,66.10,68.60,68.70,69.30,68.40
1,69.40,68.60,67.50,66.60,66.10,68.60,68.70,69.30,68.40,67.20
2,68.60,67.50,66.60,66.10,68.60,68.70,69.30,68.40,67.20,69.10
2,67.50,66.60,66.10,68.60,68.70,69.30,68.40,67.20,69.10,71.10
2,66.60,66.10,68.60,68.70,69.30,68.40,67.20,69.10,71.10,71.20
2,66.10,68.60,68.70,69.30,68.40,67.20,69.10,71.10,71.20,70.50
2,68.60,68.70,69.30,68.40,67.20,69.10,71.10,71.20,70.50,72.00
2,68.70,69.30,68.40,67.20,69.10,71.10,71.20,70.50,72.00,69.00
2,69.30,68.40,67.20,69.10,71.10,71.20,70.50,72.00,69.00,67.50
1,68.40,67.20,69.10,71.10,71.20,70.50,72.00,69.00,67.50,67.20
2,67.20,69.10,71.10,71.20,70.50,72.00,69.00,67.50,67.20,69.90
2,69.10,71.10,71.20,70.50,72.00,69.00,67.50,67.20,69.90,70.30
2,71.10,71.20,70.50,72.00,69.00,67.50,67.20,69.90,70.30,70.30
2,71.20,70.50,72.00,69.00,67.50,67.20,69.90,70.30,70.30,70.00
1,70.50,72.00,69.00,67.50,67.20,69.90,70.30,70.30,70.00,68.60
2,72.00,69.00,67.50,67.20,69.90,70.30,70.30,70.00,68.60,69.10
2,69.00,67.50,67.20,69.90,70.30,70.30,70.00,68.60,69.10,69.10
2,67.50,67.20,69.90,70.30,70.30,70.00,68.60,69.10,69.10,69.00
1,67.20,69.90,70.30,70.30,70.00,68.60,69.10,69.10,69.00,69.10
2,69.90,70.30,70.30,70.00,68.60,69.10,69.10,69.00,69.10,70.00
2,70.30,70.30,70.00,68.60,69.10,69.10,69.00,69.10,70.00,70.40
2,70.30,70.00,68.60,69.10,69.10,69.00,69.10,70.00,70.40,70.40
1,70.00,68.60,69.10,69.10,69.00,69.10,70.00,70.40,70.40,70.30
1,68.60,69.10,69.10,69.00,69.10,70.00,70.40,70.40,70.30,71.10
1,69.10,69.10,69.00,69.10,70.00,70.40,70.40,70.30,71.10,70.70
1,69.10,69.00,69.10,70.00,70.40,70.40,70.30,71.10,70.70,71.10
1,69.00,69.10,70.00,70.40,70.40,70.30,71.10,70.70,71.10,69.70
1,69.10,70.00,70.40,70.40,70.30,71.10,70.70,71.10,69.70,70.30
1,70.00,70.40,70.40,70.30,71.10,70.70,71.10,69.70,70.30,71.70
1,70.40,70.40,70.30,71.10,70.70,71.10,69.70,70.30,71.70,71.50
1,70.40,70.30,71.10,70.70,71.10,69.70,70.30,71.70,71.50,71.90
2,70.30,71.10,70.70,71.10,69.70,70.30,71.70,71.50,71.90,71.90
2,71.10,70.70,71.10,69.70,70.30,71.70,71.50,71.90,71.90,73.10
1,70.70,71.10,69.70,70.30,71.70,71.50,71.90,71.90,73.10,73.60
2,71.10,69.70,70.30,71.70,71.50,71.90,71.90,73.10,73.60,73.80
2,69.70,70.30,71.70,71.50,71.90,71.90,73.10,73.60,73.80,73.90
2,70.30,71.70,71.50,71.90,71.90,73.10,73.60,73.80,73.90,73.50
2,71.70,71.50,71.90,71.90,73.10,73.60,73.80,73.90,73.50,74.60
2,71.50,71.90,71.90,73.10,73.60,73.80,73.90,73.50,74.60,75.00
2,71.90,71.90,73.10,73.60,73.80,73.90,73.50,74.60,75.00,74.50
2,71.90,73.10,73.60,73.80,73.90,73.50,74.60,75.00,74.50,74.10
2,73.10,73.60,73.80,73.90,73.50,74.60,75.00,74.50,74.10,72.60
2,73.60,73.80,73.90,73.50,74.60,75.00,74.50,74.10,72.60,73.40
2,73.80,73.90,73.50,74.60,75.00,74.50,74.10,72.60,73.40,75.90
2,73.90,73.50,74.60,75.00,74.50,74.10,72.60,73.40,75.90,76.00
2,73.50,74.60,75.00,74.50,74.10,72.60,73.40,75.90,76.00,75.40
2,74.60,75.00,74.50,74.10,72.60,73.40,75.90,76.00,75.40,75.70
2,75.00,74.50,74.10,72.60,73.40,75.90,76.00,75.40,75.70,74.20
1,74.50,74.10,72.60,73.40,75.90,76.00,75.40,75.70,74.20,73.30
2,74.10,72.60,73.40,75.90,76.00,75.40,75.70,74.20,73.30,74.00
1,72.60,73.40,75.90,76.00,75.40,75.70,74.20,73.30,74.00,73.40
1,73.40,75.90,76.00,75.40,75.70,74.20,73.30,74.00,73.40,72.80
1,75.90,76.00,75.40,75.70,74.20,73.30,74.00,73.40,72.80,71.60
2,76.00,75.40,75.70,74.20,73.30,74.00,73.40,72.80,71.60,73.60
2,75.40,75.70,74.20,73.30,74.00,73.40,72.80,71.60,73.60,73.60
2,75.70,74.20,73.30,74.00,73.40,72.80,71.60,73.60,73.60,74.60
2,74.20,73.30,74.00,73.40,72.80,71.60,73.60,73.60,74.60,76.60
2,73.30,74.00,73.40,72.80,71.60,73.60,73.60,74.60,76.60,76.00
2,74.00,73.40,72.80,71.60,73.60,73.60,74.60,76.60,76.00,76.30
2,73.40,72.80,71.60,73.60,73.60,74.60,76.60,76.00,76.30,75.40
2,72.80,71.60,73.60,73.60,74.60,76.60,76.00,76.30,75.40,76.40
2,71.60,73.60,73.60,74.60,76.60,76.00,76.30,75.40,76.40,76.30
2,73.60,73.60,74.60,76.60,76.00,76.30,75.40,76.40,76.30,74.10
2,73.60,74.60,76.60,76.00,76.30,75.40,76.40,76.30,74.10,75.00
2,74.60,76.60,76.00,76.30,75.40,76.40,76.30,74.10,75.00,75.20
2,76.60,76.00,76.30,75.40,76.40,76.30,74.10,75.00,75.20,74.50
1,76.00,76.30,75.40,76.40,76.30,74.10,75.00,75.20,74.50,72.50
1,76.30,75.40,76.40,76.30,74.10,75.00,75.20,74.50,72.50,72.70
1,75.40,76.40,76.30,74.10,75.00,75.20,74.50,72.50,72.70,72.50
1,76.40,76.30,74.10,75.00,75.20,74.50,72.50,72.70,72.50,72.80
2,76.30,74.10,75.00,75.20,74.50,72.50,72.70,72.50,72.80,76.00
2,74.10,75.00,75.20,74.50,72.50,72.70,72.50,72.80,76.00,75.00
2,75.00,75.20,74.50,72.50,72.70,72.50,72.80,76.00,75.00,75.40
2,75.20,74.50,72.50,72.70,72.50,72.80,76.00,75.00,75.40,75.00
2,74.50,72.50,72.70,72.50,72.80,76.00,75.00,75.40,75.00,75.50
2,72.50,72.70,72.50,72.80,76.00,75.00,75.40,75.00,75.50,75.70
2,72.70,72.50,72.80,76.00,75.00,75.40,75.00,75.50,75.70,75.80
2,72.50,72.80,76.00,75.00,75.40,75.00,75.50,75.70,75.80,75.80
2,72.80,76.00,75.00,75.40,75.00,75.50,75.70,75.80,75.80,75.80
2,76.00,75.00,75.40,75.00,75.50,75.70,75.80,75.80,75.80,75.80
2,75.00,75.40,75.00,75.50,75.70,75.80,75.80,75.80,75.80,75.80
2,75.40,75.00,75.50,75.70,75.80,75.80,75.80,75.80,75.80,75.80
2,75.00,75.50,75.70,75.80,75.80,75.80,75.80,75.80,75.80,75.60
2,75.50,75.70,75.80,75.80,75.80,75.80,75.80,75.80,75.60,75.60
2,75.70,75.80,75.80,75.80,75.80,75.80,75.80,75.60,75.60,76.50
2,75.80,75.80,75.80,75.80,75.80,75.80,75.60,75.60,76.50,76.50
2,75.80,75.80,75.80,75.80,75.80,75.60,75.60,76.50,76.50,77.00
2,75.80,75.80,75.80,75.80,75.60,75.60,76.50,76.50,77.00,77.50
1,75.80,75.80,75.80,75.60,75.60,76.50,76.50,77.00,77.50,75.30
1,75.80,75.80,75.60,75.60,76.50,76.50,77.00,77.50,75.30,75.60
2,75.80,75.60,75.60,76.50,76.50,77.00,77.50,75.30,75.60,76.70
2,75.60,75.60,76.50,76.50,77.00,77.50,75.30,75.60,76.70,76.70
2,75.60,76.50,76.50,77.00,77.50,75.30,75.60,76.70,76.70,76.70
2,76.50,76.50,77.00,77.50,75.30,75.60,76.70,76.70,76.70,76.70
2,76.50,77.00,77.50,75.30,75.60,76.70,76.70,76.70,76.70,76.70
2,77.00,77.50,75.30,75.60,76.70,76.70,76.70,76.70,76.70,76.70
2,77.50,75.30,75.60,76.70,76.70,76.70,76.70,76.70,76.70,76.70
2,75.30,75.60,76.70,76.70,76.70,76.70,76.70,76.70,76.70,76.70
2,75.60,76.70,76.70,76.70,76.70,76.70,76.70,76.70,76.70,78.70
2,76.70,76.70,76.70,76.70,76.70,76.70,76.70,76.70,78.70,78.50
2,76.70,76.70,76.70,76.70,76.70,76.70,76.70,78.70,78.50,77.00
2,76.70,76.70,76.70,76.70,76.70,76.70,78.70,78.50,77.00,76.80
1,76.70,76.70,76.70,76.70,76.70,78.70,78.50,77.00,76.80,76.20
1,76.70,76.70,76.70,76.70,78.70,78.50,77.00,76.80,76.20,77.40
1,76.70,76.70,76.70,78.70,78.50,77.00,76.80,76.20,77.40,77.40
2,76.70,76.70,78.70,78.50,77.00,76.80,76.20,77.40,77.40,77.50
2,76.70,78.70,78.50,77.00,76.80,76.20,77.40,77.40,77.50,78.00
2,78.70,78.50,77.00,76.80,76.20,77.40,77.40,77.50,78.00,76.90
1,78.50,77.00,76.80,76.20,77.40,77.40,77.50,78.00,76.90,76.60
2,77.00,76.80,76.20,77.40,77.40,77.50,78.00,76.90,76.60,77.30
1,76.80,76.20,77.40,77.40,77.50,78.00,76.90,76.60,77.30,78.50
2,76.20,77.40,77.40,77.50,78.00,76.90,76.60,77.30,78.50,78.50
2,77.40,77.40,77.50,78.00,76.90,76.60,77.30,78.50,78.50,80.00
2,77.40,77.50,78.00,76.90,76.60,77.30,78.50,78.50,80.00,80.00
2,77.50,78.00,76.90,76.60,77.30,78.50,78.50,80.00,80.00,80.00
2,78.00,76.90,76.60,77.30,78.50,78.50,80.00,80.00,80.00,79.70
2,76.90,76.60,77.30,78.50,78.50,80.00,80.00,80.00,79.70,78.10
2,76.60,77.30,78.50,78.50,80.00,80.00,80.00,79.70,78.10,79.10
2,77.30,78.50,78.50,80.00,80.00,80.00,79.70,78.10,79.10,79.10
2,78.50,78.50,80.00,80.00,80.00,79.70,78.10,79.10,79.10,79.10
2,78.50,80.00,80.00,80.00,79.70,78.10,79.10,79.10,79.10,81.10
1,80.00,80.00,80.00,79.70,78.10,79.10,79.10,79.10,81.10,80.10
2,80.00,80.00,79.70,78.10,79.10,79.10,79.10,81.10,80.10,80.00
1,80.00,79.70,78.10,79.10,79.10,79.10,81.10,80.10,80.00,78.90
1,79.70,78.10,79.10,79.10,79.10,81.10,80.10,80.00,78.90,79.50
1,78.10,79.10,79.10,79.10,81.10,80.10,80.00,78.90,79.50,79.10
1,79.10,79.10,79.10,81.10,80.10,80.00,78.90,79.50,79.10,79.70
1,79.10,79.10,81.10,80.10,80.00,78.90,79.50,79.10,79.70,80.00
1,79.10,81.10,80.10,80.00,78.90,79.50,79.10,79.70,80.00,80.00
1,81.10,80.10,80.00,78.90,79.50,79.10,79.70,80.00,80.00,81.30
2,80.10,80.00,78.90,79.50,79.10,79.70,80.00,80.00,81.30,83.20
2,80.00,78.90,79.50,79.10,79.70,80.00,80.00,81.30,83.20,83.20
1,78.90,79.50,79.10,79.70,80.00,80.00,81.30,83.20,83.20,81.10
2,79.50,79.10,79.70,80.00,80.00,81.30,83.20,83.20,81.10,83.70
2,79.10,79.70,80.00,80.00,81.30,83.20,83.20,81.10,83.70,83.20
2,79.70,80.00,80.00,81.30,83.20,83.20,81.10,83.70,83.20,84.90
2,80.00,80.00,81.30,83.20,83.20,81.10,83.70,83.20,84.90,85.20
2,80.00,81.30,83.20,83.20,81.10,83.70,83.20,84.90,85.20,85.40
2,81.30,83.20,83.20,81.10,83.70,83.20,84.90,85.20,85.40,83.60
2,83.20,83.20,81.10,83.70,83.20,84.90,85.20,85.40,83.60,85.80
2,83.20,81.10,83.70,83.20,84.90,85.20,85.40,83.60,85.80,85.50
2,81.10,83.70,83.20,84.90,85.20,85.40,83.60,85.80,85.50,84.10
2,83.70,83.20,84.90,85.20,85.40,83.60,85.80,85.50,84.10,84.90
2,83.20,84.90,85.20,85.40,83.60,85.80,85.50,84.10,84.90,85.10
2,84.90,85.20,85.40,83.60,85.80,85.50,84.10,84.90,85.10,85.00
2,85.20,85.40,83.60,85.80,85.50,84.10,84.90,85.10,85.00,85.00
1,85.40,83.60,85.80,85.50,84.10,84.90,85.10,85.00,85.00,83.10
2,83.60,85.80,85.50,84.10,84.90,85.10,85.00,85.00,83.10,83.80
2,85.80,85.50,84.10,84.90,85.10,85.00,85.00,83.10,83.80,83.00
1,85.50,84.10,84.90,85.10,85.00,85.00,83.10,83.80,83.00,82.00
2,84.10,84.90,85.10,85.00,85.00,83.10,83.80,83.00,82.00,82.40
2,84.90,85.10,85.00,85.00,83.10,83.80,83.00,82.00,82.40,82.60
2,85.10,85.00,85.00,83.10,83.80,83.00,82.00,82.40,82.60,84.90
2,85.00,85.00,83.10,83.80,83.00,82.00,82.40,82.60,84.90,84.90
1,85.00,83.10,83.80,83.00,82.00,82.40,82.60,84.90,84.90,83.80
1,83.10,83.80,83.00,82.00,82.40,82.60,84.90,84.90,83.80,85.00
1,83.80,83.00,82.00,82.40,82.60,84.90,84.90,83.80,85.00,85.80
1,83.00,82.00,82.40,82.60,84.90,84.90,83.80,85.00,85.80,84.30
2,82.00,82.40,82.60,84.90,84.90,83.80,85.00,85.80,84.30,84.30
2,82.40,82.60,84.90,84.90,83.80,85.00,85.80,84.30,84.30,84.60
2,82.60,84.90,84.90,83.80,85.00,85.80,84.30,84.30,84.60,84.20
2,84.90,84.90,83.80,85.00,85.80,84.30,84.30,84.60,84.20,84.00
2,84.90,83.80,85.00,85.80,84.30,84.30,84.60,84.20,84.00,86.00
2,83.80,85.00,85.80,84.30,84.30,84.60,84.20,84.00,86.00,86.80
2,85.00,85.80,84.30,84.30,84.60,84.20,84.00,86.00,86.80,86.80
2,85.80,84.30,84.30,84.60,84.20,84.00,86.00,86.80,86.80,88.40
2,84.30,84.30,84.60,84.20,84.00,86.00,86.80,86.80,88.40,88.90
2,84.30,84.60,84.20,84.00,86.00,86.80,86.80,88.40,88.90,87.60
2,84.60,84.20,84.00,86.00,86.80,86.80,88.40,88.90,87.60,85.60
2,84.20,84.00,86.00,86.80,86.80,88.40,88.90,87.60,85.60,84.40
2,84.00,86.00,86.80,86.80,88.40,88.90,87.60,85.60,84.40,84.60
2,86.00,86.80,86.80,88.40,88.90,87.60,85.60,84.40,84.60,85.30
2,86.80,86.80,88.40,88.90,87.60,85.60,84.40,84.60,85.30,85.50
2,86.80,88.40,88.90,87.60,85.60,84.40,84.60,85.30,85.50,85.40
2,88.40,88.90,87.60,85.60,84.40,84.60,85.30,85.50,85.40,85.50
2,88.90,87.60,85.60,84.40,84.60,85.30,85.50,85.40,85.50,83.40
2,87.60,85.60,84.40,84.60,85.30,85.50,85.40,85.50,83.40,85.10
2,85.60,84.40,84.60,85.30,85.50,85.40,85.50,83.40,85.10,81.80
2,84.40,84.60,85.30,85.50,85.40,85.50,83.40,85.10,81.80,82.50
2,84.60,85.30,85.50,85.40,85.50,83.40,85.10,81.80,82.50,82.20
2,85.30,85.50,85.40,85.50,83.40,85.10,81.80,82.50,82.20,79.10
2,85.50,85.40,85.50,83.40,85.10,81.80,82.50,82.20,79.10,80.60
2,85.40,85.50,83.40,85.10,81.80,82.50,82.20,79.10,80.60,80.00
2,85.50,83.40,85.10,81.80,82.50,82.20,79.10,80.60,80.00,81.60
2,83.40,85.10,81.80,82.50,82.20,79.10,80.60,80.00,81.60,82.30
2,85.10,81.80,82.50,82.20,79.10,80.60,80.00,81.60,82.30,81.70
2,81.80,82.50,82.20,79.10,80.60,80.00,81.60,82.30,81.70,85.10
2,82.50,82.20,79.10,80.60,80.00,81.60,82.30,81.70,85.10,79.90
1,82.20,79.10,80.60,80.00,81.60,82.30,81.70,85.10,79.90,76.50
2,79.10,80.60,80.00,81.60,82.30,81.70,85.10,79.90,76.50,78.20
1,80.60,80.00,81.60,82.30,81.70,85.10,79.90,76.50,78.20,77.80
2,80.00,81.60,82.30,81.70,85.10,79.90,76.50,78.20,77.80,79.80
2,81.60,82.30,81.70,85.10,79.90,76.50,78.20,77.80,79.80,77.90
2,82.30,81.70,85.10,79.90,76.50,78.20,77.80,79.80,77.90,80.40
2,81.70,85.10,79.90,76.50,78.20,77.80,79.80,77.90,80.40,79.40
2,85.10,79.90,76.50,78.20,77.80,79.80,77.90,80.40,79.40,80.00
2,79.90,76.50,78.20,77.80,79.80,77.90,80.40,79.40,80.00,79.20
1,76.50,78.20,77.80,79.80,77.90,80.40,79.40,80.00,79.20,78.10
1,78.20,77.80,79.80,77.90,80.40,79.40,80.00,79.20,78.10,80.80
1,77.80,79.80,77.90,80.40,79.40,80.00,79.20,78.10,80.80,80.50
2,79.80,77.90,80.40,79.40,80.00,79.20,78.10,80.80,80.50,81.60
2,77.90,80.40,79.40,80.00,79.20,78.10,80.80,80.50,81.60,80.60
2,80.40,79.40,80.00,79.20,78.10,80.80,80.50,81.60,80.60,80.10
2,79.40,80.00,79.20,78.10,80.80,80.50,81.60,80.60,80.10,79.60
2,80.00,79.20,78.10,80.80,80.50,81.60,80.60,80.10,79.60,78.70
2,79.20,78.10,80.80,80.50,81.60,80.60,80.10,79.60,78.70,79.30
2,78.10,80.80,80.50,81.60,80.60,80.10,79.60,78.70,79.30,79.90
2,80.80,80.50,81.60,80.60,80.10,79.60,78.70,79.30,79.90,81.30
2,80.50,81.60,80.60,80.10,79.60,78.70,79.30,79.90,81.30,83.30
2,81.60,80.60,80.10,79.60,78.70,79.30,79.90,81.30,83.30,84.20
2,80.60,80.10,79.60,78.70,79.30,79.90,81.30,83.30,84.20,81.20
2,80.10,79.60,78.70,79.30,79.90,81.30,83.30,84.20,81.20,81.00
2,79.60,78.70,79.30,79.90,81.30,83.30,84.20,81.20,81.00,80.90
2,78.70,79.30,79.90,81.30,83.30,84.20,81.20,81.00,80.90,80.00
2,79.30,79.90,81.30,83.30,84.20,81.20,81.00,80.90,80.00,79.10
2,79.90,81.30,83.30,84.20,81.20,81.00,80.90,80.00,79.10,78.10
2,81.30,83.30,84.20,81.20,81.00,80.90,80.00,79.10,78.10,75.70
1,83.30,84.20,81.20,81.00,80.90,80.00,79.10,78.10,75.70,75.80
1,84.20,81.20,81.00,80.90,80.00,79.10,78.10,75.70,75.80,75.50
1,81.20,81.00,80.90,80.00,79.10,78.10,75.70,75.80,75.50,74.80
1,81.00,80.90,80.00,79.10,78.10,75.70,75.80,75.50,74.80,74.80
1,80.90,80.00,79.10,78.10,75.70,75.80,75.50,74.80,74.80,77.50
1,80.00,79.10,78.10,75.70,75.80,75.50,74.80,74.80,77.50,76.70
1,79.10,78.10,75.70,75.80,75.50,74.80,74.80,77.50,76.70,74.30
1,78.10,75.70,75.80,75.50,74.80,74.80,77.50,76.70,74.30,74.80
1,75.70,75.80,75.50,74.80,74.80,77.50,76.70,74.30,74.80,74.60
1,75.80,75.50,74.80,74.80,77.50,76.70,74.30,74.80,74.60,76.30
1,75.50,74.80,74.80,77.50,76.70,74.30,74.80,74.60,76.30,79.30
1,74.80,74.80,77.50,76.70,74.30,74.80,74.60,76.30,79.30,79.00
2,74.80,77.50,76.70,74.30,74.80,74.60,76.30,79.30,79.00,81.00
1,77.50,76.70,74.30,74.80,74.60,76.30,79.30,79.00,81.00,80.00
1,76.70,74.30,74.80,74.60,76.30,79.30,79.00,81.00,80.00,80.00
2,74.30,74.80,74.60,76.30,79.30,79.00,81.00,80.00,80.00,79.80
2,74.80,74.60,76.30,79.30,79.00,81.00,80.00,80.00,79.80,80.90
2,74.60,76.30,79.30,79.00,81.00,80.00,80.00,79.80,80.90,81.40
2,76.30,79.30,79.00,81.00,80.00,80.00,79.80,80.90,81.40,80.50
2,79.30,79.00,81.00,80.00,80.00,79.80,80.90,81.40,80.50,82.30
2,79.00,81.00,80.00,80.00,79.80,80.90,81.40,80.50,82.30,82.00
2,81.00,80.00,80.00,79.80,80.90,81.40,80.50,82.30,82.00,82.70
2,80.00,80.00,79.80,80.90,81.40,80.50,82.30,82.00,82.70,83.20
2,80.00,79.80,80.90,81.40,80.50,82.30,82.00,82.70,83.20,83.00
2,79.80,80.90,81.40,80.50,82.30,82.00,82.70,83.20,83.00,82.90
2,80.90,81.40,80.50,82.30,82.00,82.70,83.20,83.00,82.90,82.00
2,81.40,80.50,82.30,82.00,82.70,83.20,83.00,82.90,82.00,82.40
2,80.50,82.30,82.00,82.70,83.20,83.00,82.90,82.00,82.40,83.60
2,82.30,82.00,82.70,83.20,83.00,82.90,82.00,82.40,83.60,82.40
2,82.00,82.70,83.20,83.00,82.90,82.00,82.40,83.60,82.40,82.70
2,82.70,83.20,83.00,82.90,82.00,82.40,83.60,82.40,82.70,82.00
2,83.20,83.00,82.90,82.00,82.40,83.60,82.40,82.70,82.00,83.00
2,83.00,82.90,82.00,82.40,83.60,82.40,82.70,82.00,83.00,82.40
2,82.90,82.00,82.40,83.60,82.40,82.70,82.00,83.00,82.40,82.70
2,82.00,82.40,83.60,82.40,82.70,82.00,83.00,82.40,82.70,82.70
1,82.40,83.60,82.40,82.70,82.00,83.00,82.40,82.70,82.70,83.30
1,83.60,82.40,82.70,82.00,83.00,82.40,82.70,82.70,83.30,83.90
2,82.40,82.70,82.00,83.00,82.40,82.70,82.70,83.30,83.90,84.00
1,82.70,82.00,83.00,82.40,82.70,82.70,83.30,83.90,84.00,82.00
1,82.00,83.00,82.40,82.70,82.70,83.30,83.90,84.00,82.00,81.10
2,83.00,82.40,82.70,82.70,83.30,83.90,84.00,82.00,81.10,83.80
1,82.40,82.70,82.70,83.30,83.90,84.00,82.00,81.10,83.80,83.50
2,82.70,82.70,83.30,83.90,84.00,82.00,81.10,83.80,83.50,84.40
2,82.70,83.30,83.90,84.00,82.00,81.10,83.80,83.50,84.40,84.50
1,83.30,83.90,84.00,82.00,81.10,83.80,83.50,84.40,84.50,85.00
1,83.90,84.00,82.00,81.10,83.80,83.50,84.40,84.50,85.00,86.50
2,84.00,82.00,81.10,83.80,83.50,84.40,84.50,85.00,86.50,86.50
1,82.00,81.10,83.80,83.50,84.40,84.50,85.00,86.50,86.50,85.70
1,81.10,83.80,83.50,84.40,84.50,85.00,86.50,86.50,85.70,86.00
1,83.80,83.50,84.40,84.50,85.00,86.50,86.50,85.70,86.00,85.30
1,83.50,84.40,84.50,85.00,86.50,86.50,85.70,86.00,85.30,85.70
1,84.40,84.50,85.00,86.50,86.50,85.70,86.00,85.30,85.70,86.10
2,84.50,85.00,86.50,86.50,85.70,86.00,85.30,85.70,86.10,85.90
2,85.00,86.50,86.50,85.70,86.00,85.30,85.70,86.10,85.90,86.40
2,86.50,86.50,85.70,86.00,85.30,85.70,86.10,85.90,86.40,87.60
2,86.50,85.70,86.00,85.30,85.70,86.10,85.90,86.40,87.60,89.80
2,85.70,86.00,85.30,85.70,86.10,85.90,86.40,87.60,89.80,88.90
2,86.00,85.30,85.70,86.10,85.90,86.40,87.60,89.80,88.90,89.60
2,85.30,85.70,86.10,85.90,86.40,87.60,89.80,88.90,89.60,89.80
2,85.70,86.10,85.90,86.40,87.60,89.80,88.90,89.60,89.80,90.60
2,86.10,85.90,86.40,87.60,89.80,88.90,89.60,89.80,90.60,91.00
2,85.90,86.40,87.60,89.80,88.90,89.60,89.80,90.60,91.00,89.10
2,86.40,87.60,89.80,88.90,89.60,89.80,90.60,91.00,89.10,87.10
2,87.60,89.80,88.90,89.60,89.80,90.60,91.00,89.10,87.10,87.10
2,89.80,88.90,89.60,89.80,90.60,91.00,89.10,87.10,87.10,85.50
2,88.90,89.60,89.80,90.60,91.00,89.10,87.10,87.10,85.50,86.30
2,89.60,89.80,90.60,91.00,89.10,87.10,87.10,85.50,86.30,86.40
2,89.80,90.60,91.00,89.10,87.10,87.10,85.50,86.30,86.40,87.50
2,90.60,91.00,89.10,87.10,87.10,85.50,86.30,86.40,87.50,87.40
2,91.00,89.10,87.10,87.10,85.50,86.30,86.40,87.50,87.40,88.10
1,89.10,87.10,87.10,85.50,86.30,86.40,87.50,87.40,88.10,86.70
1,87.10,87.10,85.50,86.30,86.40,87.50,87.40,88.10,86.70,86.00
1,87.10,85.50,86.30,86.40,87.50,87.40,88.10,86.70,86.00,85.70
1,85.50,86.30,86.40,87.50,87.40,88.10,86.70,86.00,85.70,85.40
1,86.30,86.40,87.50,87.40,88.10,86.70,86.00,85.70,85.40,84.80
1,86.40,87.50,87.40,88.10,86.70,86.00,85.70,85.40,84.80,87.30
1,87.50,87.40,88.10,86.70,86.00,85.70,85.40,84.80,87.30,88.10
2,87.40,88.10,86.70,86.00,85.70,85.40,84.80,87.30,88.10,88.00
2,88.10,86.70,86.00,85.70,85.40,84.80,87.30,88.10,88.00,88.70
2,86.70,86.00,85.70,85.40,84.80,87.30,88.10,88.00,88.70,89.20
2,86.00,85.70,85.40,84.80,87.30,88.10,88.00,88.70,89.20,89.90
2,85.70,85.40,84.80,87.30,88.10,88.00,88.70,89.20,89.90,90.30
2,85.40,84.80,87.30,88.10,88.00,88.70,89.20,89.90,90.30,90.40
2,84.80,87.30,88.10,88.00,88.70,89.20,89.90,90.30,90.40,91.00
2,87.30,88.10,88.00,88.70,89.20,89.90,90.30,90.40,91.00,90.50
1,88.10,88.00,88.70,89.20,89.90,90.30,90.40,91.00,90.50,90.80
1,88.00,88.70,89.20,89.90,90.30,90.40,91.00,90.50,90.80,91.30
1,88.70,89.20,89.90,90.30,90.40,91.00,90.50,90.80,91.30,90.30
1,89.20,89.90,90.30,90.40,91.00,90.50,90.80,91.30,90.30,90.50
1,89.90,90.30,90.40,91.00,90.50,90.80,91.30,90.30,90.50,90.20
1,90.30,90.40,91.00,90.50,90.80,91.30,90.30,90.50,90.20,90.20
1,90.40,91.00,90.50,90.80,91.30,90.30,90.50,90.20,90.20,90.00
1,91.00,90.50,90.80,91.30,90.30,90.50,90.20,90.20,90.00,90.40
1,90.50,90.80,91.30,90.30,90.50,90.20,90.20,90.00,90.40,90.50
1,90.80,91.30,90.30,90.50,90.20,90.20,90.00,90.40,90.50,91.30
2,91.30,90.30,90.50,90.20,90.20,90.00,90.40,90.50,91.30,95.50
2,90.30,90.50,90.20,90.20,90.00,90.40,90.50,91.30,95.50,95.30
2,90.50,90.20,90.20,90.00,90.40,90.50,91.30,95.50,95.30,96.30
2,90.20,90.20,90.00,90.40,90.50,91.30,95.50,95.30,96.30,95.90
2,90.20,90.00,90.40,90.50,91.30,95.50,95.30,96.30,95.90,96.50
2,90.00,90.40,90.50,91.30,95.50,95.30,96.30,95.90,96.50,98.70
2,90.40,90.50,91.30,95.50,95.30,96.30,95.90,96.50,98.70,97.90
2,90.50,91.30,95.50,95.30,96.30,95.90,96.50,98.70,97.90,96.60
2,91.30,95.50,95.30,96.30,95.90,96.50,98.70,97.90,96.60,96.90
2,95.50,95.30,96.30,95.90,96.50,98.70,97.90,96.60,96.90,96.60
2,95.30,96.30,95.90,96.50,98.70,97.90,96.60,96.90,96.60,98.10
2,96.30,95.90,96.50,98.70,97.90,96.60,96.90,96.60,98.10,96.50
2,95.90,96.50,98.70,97.90,96.60,96.90,96.60,98.10,96.50,98.30
2,96.50,98.70,97.90,96.60,96.90,96.60,98.10,96.50,98.30,98.40
2,98.70,97.90,96.60,96.90,96.60,98.10,96.50,98.30,98.40,99.20
2,97.90,96.60,96.90,96.60,98.10,96.50,98.30,98.40,99.20,98.40
2,96.60,96.90,96.60,98.10,96.50,98.30,98.40,99.20,98.40,97.00
2,96.90,96.60,98.10,96.50,98.30,98.40,99.20,98.40,97.00,96.70
2,96.60,98.10,96.50,98.30,98.40,99.20,98.40,97.00,96.70,97.30
1,98.10,96.50,98.30,98.40,99.20,98.40,97.00,96.70,97.30,96.00
1,96.50,98.30,98.40,99.20,98.40,97.00,96.70,97.30,96.00,94.80
1,98.30,98.40,99.20,98.40,97.00,96.70,97.30,96.00,94.80,95.20
1,98.40,99.20,98.40,97.00,96.70,97.30,96.00,94.80,95.20,96.50
1,99.20,98.40,97.00,96.70,97.30,96.00,94.80,95.20,96.50,96.00
