1,22.73,21.74,28.57,93.75,93.33,93.33,51.35
1,21.74,28.57,93.75,93.33,93.33,93.33,50.00
1,28.57,93.75,93.33,93.33,93.33,95.45,62.79
1,93.75,93.33,93.33,93.33,95.45,70.59,81.82
1,93.33,93.33,93.33,95.45,70.59,70.59,81.25
1,93.33,93.33,95.45,70.59,70.59,38.71,56.52
1,93.33,95.45,70.59,70.59,38.71,50.00,62.75
1,95.45,70.59,70.59,38.71,50.00,57.14,70.31
1,70.59,70.59,38.71,50.00,57.14,60.00,63.16
1,70.59,38.71,50.00,57.14,60.00,60.00,63.16
1,38.71,50.00,57.14,60.00,60.00,92.31,63.16
1,50.00,57.14,60.00,60.00,92.31,93.75,70.59
1,57.14,60.00,60.00,92.31,93.75,91.30,69.23
1,60.00,60.00,92.31,93.75,91.30,100.00,74.60
1,60.00,92.31,93.75,91.30,100.00,100.00,73.33
1,92.31,93.75,91.30,100.00,100.00,83.33,88.00
2,93.75,91.30,100.00,100.00,83.33,82.61,89.09
2,91.30,100.00,100.00,83.33,82.61,81.82,86.67
2,100.00,100.00,83.33,82.61,81.82,64.00,81.25
2,100.00,83.33,82.61,81.82,64.00,53.57,72.92
1,83.33,82.61,81.82,64.00,53.57,38.46,55.56
2,82.61,81.82,64.00,53.57,38.46,33.33,52.54
2,81.82,64.00,53.57,38.46,33.33,57.89,64.56
2,64.00,53.57,38.46,33.33,57.89,64.15,64.10
2,53.57,38.46,33.33,57.89,64.15,61.82,59.04
1,38.46,33.33,57.89,64.15,61.82,86.05,63.41
1,33.33,57.89,64.15,61.82,86.05,58.00,47.67
1,57.89,64.15,61.82,86.05,58.00,11.76,40.66
1,64.15,61.82,86.05,58.00,11.76,25.00,47.31
1,61.82,86.05,58.00,11.76,25.00,25.00,46.32
1,86.05,58.00,11.76,25.00,25.00,16.28,51.16
1,58.00,11.76,25.00,25.00,16.28,17.50,40.00
1,11.76,25.00,25.00,16.28,17.50,52.94,36.47
1,25.00,25.00,16.28,17.50,52.94,45.45,35.71
2,25.00,16.28,17.50,52.94,45.45,62.50,45.45
2,16.28,17.50,52.94,45.45,62.50,80.65,54.29
2,17.50,52.94,45.45,62.50,80.65,89.29,59.38
2,52.94,45.45,62.50,80.65,89.29,84.62,66.67
2,45.45,62.50,80.65,89.29,84.62,68.75,57.61
2,62.50,80.65,89.29,84.62,68.75,68.75,65.63
2,80.65,89.29,84.62,68.75,68.75,44.83,69.23
1,89.29,84.62,68.75,68.75,44.83,28.89,62.38
2,84.62,68.75,68.75,44.83,28.89,37.25,57.78
1,68.75,68.75,44.83,28.89,37.25,47.73,58.70
1,68.75,44.83,28.89,37.25,47.73,26.83,49.44
1,44.83,28.89,37.25,47.73,26.83,18.33,26.97
1,28.89,37.25,47.73,26.83,18.33,32.50,30.59
1,37.25,47.73,26.83,18.33,32.50,12.12,27.38
1,47.73,26.83,18.33,32.50,12.12,14.71,33.33
2,26.83,18.33,32.50,12.12,14.71,62.71,48.00
1,18.33,32.50,12.12,14.71,62.71,75.51,44.04
1,32.50,12.12,14.71,62.71,75.51,76.47,57.14
1,12.12,14.71,62.71,75.51,76.47,73.58,50.00
1,14.71,62.71,75.51,76.47,73.58,74.55,51.69
1,62.71,75.51,76.47,73.58,74.55,44.00,57.14
1,75.51,76.47,73.58,74.55,44.00,75.00,75.38
1,76.47,73.58,74.55,44.00,75.00,66.67,74.60
2,73.58,74.55,44.00,75.00,66.67,100.00,77.05
2,74.55,44.00,75.00,66.67,100.00,100.00,75.86
1,44.00,75.00,66.67,100.00,100.00,100.00,46.15
2,0.00,0.00,81.82,81.82,87.50,100.00,90.48
1,0.00,81.82,81.82,87.50,100.00,46.34,44.19
1,81.82,81.82,87.50,100.00,46.34,37.14,47.83
1,81.82,87.50,100.00,46.34,37.14,52.17,57.89
1,87.50,100.00,46.34,37.14,52.17,46.34,57.89
2,100.00,46.34,37.14,52.17,46.34,38.89,60.00
1,46.34,37.14,52.17,46.34,38.89,100.00,60.00
1,37.14,52.17,46.34,38.89,100.00,100.00,52.17
1,52.17,46.34,38.89,100.00,100.00,50.00,52.17
1,46.34,38.89,100.00,100.00,50.00,50.00,46.34
1,38.89,100.00,100.00,50.00,50.00,50.00,38.89
2,100.00,100.00,50.00,50.00,50.00,100.00,100.00
2,100.00,50.00,50.00,50.00,100.00,90.91,93.94
1,50.00,50.00,50.00,100.00,90.91,54.05,54.05
1,50.00,50.00,100.00,90.91,54.05,51.28,51.28
1,50.00,100.00,90.91,54.05,51.28,44.44,44.44
1,100.00,90.91,54.05,51.28,44.44,32.43,56.14
1,90.91,54.05,51.28,44.44,32.43,34.29,56.14
1,54.05,51.28,44.44,32.43,34.29,61.90,56.90
1,51.28,44.44,32.43,34.29,61.90,75.00,60.32
1,44.44,32.43,34.29,61.90,75.00,62.07,51.35
1,32.43,34.29,61.90,75.00,62.07,30.00,31.58
1,34.29,61.90,75.00,62.07,30.00,48.15,40.32
1,61.90,75.00,62.07,30.00,48.15,63.16,62.71
1,75.00,62.07,30.00,48.15,63.16,57.58,64.91
2,62.07,30.00,48.15,63.16,57.58,91.89,78.79
2,30.00,48.15,63.16,57.58,91.89,100.00,74.07
2,48.15,63.16,57.58,91.89,100.00,100.00,74.07
2,63.16,57.58,91.89,100.00,100.00,83.33,69.64
1,57.58,91.89,100.00,100.00,83.33,44.12,50.75
1,91.89,100.00,100.00,83.33,44.12,34.48,66.67
1,100.00,100.00,83.33,44.12,34.48,34.48,69.84
1,100.00,83.33,44.12,34.48,34.48,34.48,66.07
1,83.33,44.12,34.48,34.48,34.48,65.22,70.31
1,44.12,34.48,34.48,34.48,65.22,75.00,60.81
1,34.48,34.48,34.48,65.22,75.00,64.52,50.00
1,34.48,34.48,65.22,75.00,64.52,47.62,42.25
1,34.48,65.22,75.00,64.52,47.62,54.17,46.75
1,65.22,75.00,64.52,47.62,54.17,18.75,46.15
1,75.00,64.52,47.62,54.17,18.75,42.86,61.76
1,64.52,47.62,54.17,18.75,42.86,50.00,57.38
1,47.62,54.17,18.75,42.86,50.00,78.95,57.38
1,54.17,18.75,42.86,50.00,78.95,84.62,64.86
1,18.75,42.86,50.00,78.95,84.62,100.00,64.38
1,42.86,50.00,78.95,84.62,100.00,100.00,74.60
1,50.00,78.95,84.62,100.00,100.00,60.38,56.63
1,78.95,84.62,100.00,100.00,60.38,73.42,74.49
1,84.62,100.00,100.00,60.38,73.42,63.38,69.07
1,100.00,100.00,60.38,73.42,63.38,62.32,76.36
2,100.00,60.38,73.42,63.38,62.32,63.89,75.70
2,60.38,73.42,63.38,62.32,63.89,90.57,75.47
2,73.42,63.38,62.32,63.89,90.57,48.89,64.52
2,63.38,62.32,63.89,90.57,48.89,70.97,66.92
2,62.32,63.89,90.57,48.89,70.97,56.25,59.83
2,63.89,90.57,48.89,70.97,56.25,40.68,53.44
2,90.57,48.89,70.97,56.25,40.68,46.15,66.10
2,48.89,70.97,56.25,40.68,46.15,65.31,57.45
2,70.97,56.25,40.68,46.15,65.31,35.71,60.00
2,56.25,40.68,46.15,65.31,35.71,40.00,50.68
1,40.68,46.15,65.31,35.71,40.00,33.33,38.20
1,46.15,65.31,35.71,40.00,33.33,31.03,41.49
1,65.31,35.71,40.00,33.33,31.03,20.00,46.43
1,35.71,40.00,33.33,31.03,20.00,15.91,23.61
1,40.00,33.33,31.03,20.00,15.91,22.92,28.77
1,33.33,31.03,20.00,15.91,22.92,41.94,37.70
1,31.03,20.00,15.91,22.92,41.94,61.70,50.00
1,20.00,15.91,22.92,41.94,61.70,74.36,48.65
1,15.91,22.92,41.94,61.70,74.36,72.50,42.86
1,22.92,41.94,61.70,74.36,72.50,77.08,50.00
1,41.94,61.70,74.36,72.50,77.08,79.63,65.88
1,61.70,74.36,72.50,77.08,79.63,43.48,52.69
1,74.36,72.50,77.08,79.63,43.48,43.48,57.65
2,72.50,77.08,79.63,43.48,43.48,60.53,66.67
1,77.08,79.63,43.48,43.48,60.53,36.67,61.54
1,79.63,43.48,43.48,60.53,36.67,12.50,58.97
2,43.48,43.48,60.53,36.67,12.50,79.31,57.33
2,43.48,60.53,36.67,12.50,79.31,83.78,61.45
2,60.53,36.67,12.50,79.31,83.78,82.35,70.83
2,36.67,12.50,79.31,83.78,82.35,95.65,72.37
2,12.50,79.31,83.78,82.35,95.65,100.00,71.23
2,79.31,83.78,82.35,95.65,100.00,69.05,73.24
2,83.78,82.35,95.65,100.00,69.05,38.89,57.14
2,82.35,95.65,100.00,69.05,38.89,31.82,49.00
2,95.65,100.00,69.05,38.89,31.82,13.46,52.04
2,100.00,69.05,38.89,31.82,13.46,16.67,56.31
2,69.05,38.89,31.82,13.46,16.67,25.58,47.06
2,38.89,31.82,13.46,16.67,25.58,45.83,41.03
2,31.82,13.46,16.67,25.58,45.83,92.31,41.77
2,13.46,16.67,25.58,45.83,92.31,31.25,20.24
2,16.67,25.58,45.83,92.31,31.25,47.62,30.21
2,25.58,45.83,92.31,31.25,47.62,24.66,25.00
2,45.83,92.31,31.25,47.62,24.66,31.65,34.95
2,92.31,31.25,47.62,24.66,31.65,29.63,38.30
2,31.25,47.62,24.66,31.65,29.63,26.37,27.64
2,47.62,24.66,31.65,29.63,26.37,24.72,32.06
2,24.66,31.65,29.63,26.37,24.72,35.48,29.63
2,31.65,29.63,26.37,24.72,35.48,43.66,37.33
2,29.63,26.37,24.72,35.48,43.66,50.67,39.74
2,26.37,24.72,35.48,43.66,50.67,76.00,43.97
2,24.72,35.48,43.66,50.67,76.00,82.61,50.00
2,35.48,43.66,50.67,76.00,82.61,49.57,44.63
1,43.66,50.67,76.00,82.61,49.57,30.83,35.29
1,50.67,76.00,82.61,49.57,30.83,35.66,40.83
1,76.00,82.61,49.57,30.83,35.66,36.17,46.60
1,82.61,49.57,30.83,35.66,36.17,29.13,47.96
1,49.57,30.83,35.66,36.17,29.13,39.36,44.98
2,30.83,35.66,36.17,29.13,39.36,72.94,47.25
2,35.66,36.17,29.13,39.36,72.94,57.69,43.44
2,36.17,29.13,39.36,72.94,57.69,63.75,46.15
1,29.13,39.36,72.94,57.69,63.75,45.59,34.87
1,39.36,72.94,57.69,63.75,45.59,51.67,44.16
1,72.94,57.69,63.75,45.59,51.67,53.23,64.63
1,57.69,63.75,45.59,51.67,53.23,60.00,58.65
2,63.75,45.59,51.67,53.23,60.00,63.33,63.57
1,45.59,51.67,53.23,60.00,63.33,61.29,53.08
1,51.67,53.23,60.00,63.33,61.29,67.86,59.48
1,53.23,60.00,63.33,61.29,67.86,32.35,45.83
1,60.00,63.33,61.29,67.86,32.35,27.50,46.32
2,63.33,61.29,67.86,32.35,27.50,17.14,46.32
2,61.29,67.86,32.35,27.50,17.14,38.71,53.76
2,67.86,32.35,27.50,17.14,38.71,65.00,66.67
2,32.35,27.50,17.14,38.71,65.00,83.64,64.04
2,27.50,17.14,38.71,65.00,83.64,100.00,69.47
2,17.14,38.71,65.00,83.64,100.00,62.03,48.25
2,38.71,65.00,83.64,100.00,62.03,57.33,51.89
2,65.00,83.64,100.00,62.03,57.33,46.77,53.92
2,83.64,100.00,62.03,57.33,46.77,17.65,51.89
2,100.00,62.03,57.33,46.77,17.65,0.00,51.89
2,62.03,57.33,46.77,17.65,0.00,0.00,44.55
1,57.33,46.77,17.65,0.00,0.00,0.00,33.59
1,46.77,17.65,0.00,0.00,0.00,1.89,26.09
1,17.65,0.00,0.00,0.00,1.89,2.13,10.20
1,0.00,0.00,0.00,1.89,2.13,2.22,1.04
1,0.00,0.00,1.89,2.13,2.22,2.86,1.52
1,0.00,1.89,2.13,2.22,2.86,73.68,30.77
1,1.89,2.13,2.22,2.86,73.68,60.00,28.57
1,2.13,2.22,2.86,73.68,60.00,40.91,24.78
1,2.22,2.86,73.68,60.00,40.91,50.00,30.28
1,2.86,73.68,60.00,40.91,50.00,48.48,32.67
1,73.68,60.00,40.91,50.00,48.48,39.29,53.19
1,60.00,40.91,50.00,48.48,39.29,66.67,64.23
1,40.91,50.00,48.48,39.29,66.67,91.23,64.23
1,50.00,48.48,39.29,66.67,91.23,93.06,72.79
1,48.48,39.29,66.67,91.23,93.06,83.75,67.81
1,39.29,66.67,91.23,93.06,83.75,79.37,60.50
1,66.67,91.23,93.06,83.75,79.37,57.14,63.72
1,91.23,93.06,83.75,79.37,57.14,72.09,83.00
1,93.06,83.75,79.37,57.14,72.09,57.14,83.00
1,83.75,79.37,57.14,72.09,57.14,59.26,77.57
1,79.37,57.14,72.09,57.14,59.26,75.56,77.78
2,57.14,72.09,57.14,59.26,75.56,73.91,66.67
1,72.09,57.14,59.26,75.56,73.91,71.43,71.76
2,57.14,59.26,75.56,73.91,71.43,71.43,65.71
2,59.26,75.56,73.91,71.43,71.43,85.71,74.19
2,75.56,73.91,71.43,71.43,85.71,66.67,73.02
1,73.91,71.43,71.43,85.71,66.67,50.00,65.71
1,71.43,71.43,85.71,66.67,50.00,42.86,61.90
1,71.43,85.71,66.67,50.00,42.86,57.14,65.71
2,85.71,66.67,50.00,42.86,57.14,42.11,63.01
2,66.67,50.00,42.86,57.14,42.11,47.50,53.45
1,50.00,42.86,57.14,42.11,47.50,50.00,50.00
1,42.86,57.14,42.11,47.50,50.00,56.82,52.31
1,57.14,42.11,47.50,50.00,56.82,34.21,43.94
1,42.11,47.50,50.00,56.82,34.21,55.17,47.76
1,47.50,50.00,56.82,34.21,55.17,50.00,48.48
1,50.00,56.82,34.21,55.17,50.00,76.00,60.32
1,56.82,34.21,55.17,50.00,76.00,71.43,61.54
1,34.21,55.17,50.00,76.00,71.43,100.00,53.70
1,55.17,50.00,76.00,71.43,100.00,39.39,46.77
1,50.00,76.00,71.43,100.00,39.39,30.95,38.24
1,76.00,71.43,100.00,39.39,30.95,53.97,60.23
1,71.43,100.00,39.39,30.95,53.97,46.67,53.09
1,100.00,39.39,30.95,53.97,46.67,52.94,61.90
1,39.39,30.95,53.97,46.67,52.94,75.51,60.98
1,30.95,53.97,46.67,52.94,75.51,93.33,63.22
1,53.97,46.67,52.94,75.51,93.33,90.91,66.67
1,46.67,52.94,75.51,93.33,90.91,100.00,64.44
1,52.94,75.51,93.33,90.91,100.00,72.41,58.76
1,75.51,93.33,90.91,100.00,72.41,74.19,75.00
1,93.33,90.91,100.00,72.41,74.19,54.55,76.92
1,90.91,100.00,72.41,74.19,54.55,31.82,67.27
1,100.00,72.41,74.19,54.55,31.82,42.31,73.21
1,72.41,74.19,54.55,31.82,42.31,55.00,65.31
1,74.19,54.55,31.82,42.31,55.00,59.09,67.92
2,54.55,31.82,42.31,55.00,59.09,92.59,71.67
2,31.82,42.31,55.00,59.09,92.59,95.56,74.63
2,42.31,55.00,59.09,92.59,95.56,78.00,65.79
2,55.00,59.09,92.59,95.56,78.00,83.64,76.00
2,59.09,92.59,95.56,78.00,83.64,82.69,75.68
2,92.59,95.56,78.00,83.64,82.69,81.25,85.33
2,95.56,78.00,83.64,82.69,81.25,70.00,85.33
2,78.00,83.64,82.69,81.25,70.00,52.50,66.67
2,83.64,82.69,81.25,70.00,52.50,26.42,55.56
2,82.69,81.25,70.00,52.50,26.42,23.53,53.40
2,81.25,70.00,52.50,26.42,23.53,6.78,40.19
1,70.00,52.50,26.42,23.53,6.78,12.70,31.18
1,52.50,26.42,23.53,6.78,12.70,20.00,35.29
1,26.42,23.53,6.78,12.70,20.00,55.56,38.20
1,23.53,6.78,12.70,20.00,55.56,54.05,36.36
1,6.78,12.70,20.00,55.56,54.05,96.43,35.63
1,12.70,20.00,55.56,54.05,96.43,55.88,27.84
1,20.00,55.56,54.05,96.43,55.88,45.00,31.76
1,55.56,54.05,96.43,55.88,45.00,21.87,39.71
1,54.05,96.43,55.88,45.00,21.87,20.59,38.03
1,96.43,55.88,45.00,21.87,20.59,0.00,44.26
1,55.88,45.00,21.87,20.59,0.00,56.82,56.41
1,45.00,21.87,20.59,0.00,56.82,73.33,60.00
1,21.87,20.59,0.00,56.82,73.33,76.74,53.33
1,20.59,0.00,56.82,73.33,76.74,85.11,58.02
1,0.00,56.82,73.33,76.74,85.11,97.83,56.96
1,56.82,73.33,76.74,85.11,97.83,96.43,72.22
2,73.33,76.74,85.11,97.83,96.43,95.83,81.16
2,76.74,85.11,97.83,96.43,95.83,100.00,85.07
2,85.11,97.83,96.43,95.83,100.00,100.00,90.00
1,97.83,96.43,95.83,100.00,100.00,78.26,91.30
1,96.43,95.83,100.00,100.00,78.26,73.68,87.23
1,95.83,100.00,100.00,78.26,73.68,75.00,86.36
1,100.00,100.00,78.26,73.68,75.00,48.28,71.70
1,100.00,78.26,73.68,75.00,48.28,40.00,68.75
1,78.26,73.68,75.00,48.28,40.00,43.48,60.87
1,73.68,75.00,48.28,40.00,43.48,35.00,53.85
1,75.00,48.28,40.00,43.48,35.00,11.76,45.95
1,48.28,40.00,43.48,35.00,11.76,54.55,50.00
1,40.00,43.48,35.00,11.76,54.55,50.00,42.86
1,43.48,35.00,11.76,54.55,50.00,86.67,60.53
1,35.00,11.76,54.55,50.00,86.67,96.49,80.52
1,11.76,54.55,50.00,86.67,96.49,96.49,77.03
1,54.55,50.00,86.67,96.49,96.49,96.83,90.54
1,50.00,86.67,96.49,96.49,96.83,90.91,85.53
1,86.67,96.49,96.49,96.83,90.91,90.63,89.87
2,96.49,96.49,96.83,90.91,90.63,86.36,92.08
2,96.49,96.83,90.91,90.63,86.36,76.00,86.92
1,96.83,90.91,90.63,86.36,76.00,52.83,76.72
1,90.91,90.63,86.36,76.00,52.83,59.62,77.12
2,90.63,86.36,76.00,52.83,59.62,51.02,73.45
2,86.36,76.00,52.83,59.62,51.02,42.86,65.12
2,76.00,52.83,59.62,51.02,42.86,36.00,56.00
2,52.83,59.62,51.02,42.86,36.00,65.45,59.26
2,59.62,51.02,42.86,36.00,65.45,64.15,61.90
2,51.02,42.86,36.00,65.45,64.15,72.41,62.62
