1,87.7,90.4,91.9,92.6,93.6,95.2,96.6,98.5,99.1,100
1,100,100.9,101,100.7,101,100.8,98,95.8,94,92.7
1,101,100.7,101,100.8,98,95.8,94,92.7,92.7,93.2
1,97.3,96.9,97.6,96.2,94.8,93.4,92.2,89.5,87.5,86.2
1,93.4,92.2,89.5,87.5,86.2,86.1,86.5,87.8,88.7,88.9
1,87.8,88.7,88.9,88.6,87.5,87,87.1,87.4,87.2,86.9
1,84.3,84.7,85.6,86.7,87.9,88.8,89.1,88.8,88.1,88.3
1,94.8,94,94.2,93.7,92.7,91.3,90.6,89.9,89.1,89.2
1,94.2,93.7,92.7,91.3,90.6,89.9,89.1,89.2,90.5,91.5
1,92.3,93.2,93.8,92.9,92,90.9,90.3,89.9,90.6,91.3
1,95.9,95.2,93.8,92.5,91.7,90.4,88.7,82.5,77.1,71.4
1,62.7,62.8,62.3,61.8,60.8,59.8,59.2,59.1,59.7,61.3
1,59.1,59.7,61.3,63.5,65.8,67.5,68.4,68.4,68.2,67.1
1,67,67.6,67.8,68.4,68.2,67.8,67.3,66,64.8,63.4
1,75.9,75.1,74,74.2,73.9,74,73.9,74.6,75.2,77.1
1,73.9,74,73.9,74.6,75.2,77.1,80.3,83.4,84.7,86.1
1,83.6,82.9,82.9,83.1,82.5,81.8,82.8,84.1,84.6,85.2
1,82.8,84.1,84.6,85.2,86.6,88.1,88.7,89.8,90.8,90.5
1,88.1,88.7,89.8,90.8,90.5,89.6,89,87.7,86.5,86
1,86.2,85.4,84.8,83.8,82.5,81.4,81.4,81.1,82.1,84.1
1,83.8,82.5,81.4,81.4,81.1,82.1,84.1,87,89.3,91.4
1,87,89.3,91.4,93.6,94.4,94.3,94.2,94,92.8,92.1
1,94.6,94.9,94.8,95.1,95.6,95.1,94.1,93.3,92.2,91.2
1,93.7,93.2,92.4,91.1,89.1,87.7,85.5,84.1,83.2,83.2
1,92.4,91.1,89.1,87.7,85.5,84.1,83.2,83.2,83.5,84.3
1,70,68.8,68.4,68,67.8,67.5,66.8,66.2,65.8,65.6
1,67.8,67.5,66.8,66.2,65.8,65.6,66.4,67.5,68.8,69.4
1,69.4,68.8,68.2,66.3,64.5,63.1,61.4,60.1,58.6,56.6
1,51.4,50.58,49.78,48.6,48.36,48.18,48.4,49.2,49.98,50.32
1,53.6,53.4,52.7,52.1,51.5,50.68,49.92,49.46,49.04,48.54
1,44.8,45.1,45,45.22,45.88,45.98,46.28,46.08,46.16,46.34
1,49.78,49.6,48.76,47.74,47.22,47.32,47.48,47.34,47.44,47.76
1,47.32,47.48,47.34,47.44,47.76,48.52,49.1,49.88,50.6,50.7
1,45.1,44.84,44.4,43.96,43.72,43.58,44.02,44.8,45.5,45.98
1,45.5,45.98,47.12,48.14,48.94,49.46,49.78,49.26,48.68,48.14
1,48.64,48.84,48.86,48.18,46.48,44.74,43.26,41.8,40.96,40.76
1,43.04,42.76,42.48,42.4,42.12,41.94,42.22,42.76,43.54,43.82
1,48.1,48.02,47.84,47.1,46.28,45.04,44.16,43.32,43.12,43.28
1,43.32,43.12,43.28,44.06,44.76,45.16,45.28,45.2,44.68,44.48
1,43.28,44.06,44.76,45.16,45.28,45.2,44.68,44.48,44.9,45.16
1,45.16,45.28,45.2,44.68,44.48,44.9,45.16,45.7,46.64,47.1
1,49.12,48.88,48.64,48.34,48.4,48.58,48.84,49.34,50.14,51.02
1,48.64,48.34,48.4,48.58,48.84,49.34,50.14,51.02,52.36,53.7
1,57.7,57.8,58.1,58.4,58.2,57.8,57.4,57.1,57,57.3
1,63.6,63.7,63.9,64.2,64.8,65.4,66.2,66.7,66.8,67
1,65.4,66.2,66.7,66.8,67,67.7,68.4,69,69.4,69.2
1,67.7,68.4,69,69.4,69.2,68.7,68.9,69.1,69.3,69.4
1,69.1,69.3,69.4,69.3,68.6,67.8,67.2,67,66.7,66.4
1,69.4,69,69,68.8,68.4,68.1,67.7,66.7,66,65.5
1,66.8,67,66.9,66.5,66,65.5,65.2,65,64.5,64.2
1,61.1,60.7,60.4,60.6,61,61.4,61.8,61.9,62.1,62.5
1,67.1,67.3,67.3,67.2,67,66.7,65.7,64.7,63.9,63.3
1,63.8,63.5,63.3,63.1,63,63,62.8,62.5,62.5,62.5
1,63,62,61.5,61.2,61.4,61,59.9,59.4,58.6,57.7
1,61,59.9,59.4,58.6,57.7,58.2,59.2,59.6,59.9,60.1
1,58.2,59.2,59.6,59.9,60.1,60.2,60.6,60.9,61.2,61.3
1,59.6,59.9,60.1,60.2,60.6,60.9,61.2,61.3,61.1,60.8
1,60.6,60.9,61.2,61.3,61.1,60.8,61.1,61.1,61.3,61
1,61,61.6,62.4,62.9,63,62.7,61.4,60.3,59.4,58
1,62.9,63,62.7,61.4,60.3,59.4,58,57,56.9,56.3
1,58,57,56.9,56.3,56,56.5,56.8,56.4,55.7,54.6
1,56.5,56.8,56.4,55.7,54.6,54.2,53.8,53.8,54.3,54.8
1,54.3,54.8,54.9,55.3,55.9,56.3,56.7,56.6,55.8,54.8
1,54.5,54,51.66,48.96,46.66,44.92,43.38,43.42,43.96,44.42
1,51.66,48.96,46.66,44.92,43.38,43.42,43.96,44.42,44.8,45.42
1,46.02,45.34,45.3,45.3,44.94,44.84,44.44,43.74,43.22,42.68
1,43.7,43.92,44.02,43.88,43.88,43.64,43.6,43.62,43.72,43.92
1,47.36,47.62,47.74,47.76,47.22,46.5,45.68,45.16,44.52,44.08
1,45.36,45.4,45.26,45.36,45.44,45.34,45.12,44.68,44.02,43.52
1,43.52,44.52,45.42,46.2,47,47.56,47.78,47.54,47.4,47.32
1,49.32,49.46,49.46,49.3,48.86,48.2,47.94,47.72,47.22,47.16
1,47.22,47.16,47.5,47.9,48.28,48.76,48.8,48.66,48.4,48.18
1,47.76,47.9,48.14,48.24,47.86,47.56,47.86,48.14,48.64,49.64
1,50.88,51,51.06,51.24,51.46,51.6,51.68,51.84,52,51.86
1,50.28,49.94,49.84,50.14,50.56,51.24,51.7,52.2,52.38,52.72
1,52.72,53.04,53.6,54.08,54.3,54.42,54.46,54.48,54.4,54.66
1,54.08,54.3,54.42,54.46,54.48,54.4,54.66,55.04,55.38,55.46
1,56.6,56.72,56.32,55.9,55.72,55.44,55.04,54.98,54.88,54.5
1,55.82,56.3,56.86,56.74,56.6,56.52,56.5,56.4,56.28,55.62
1,56.86,56.74,56.6,56.52,56.5,56.4,56.28,55.62,55.12,54.38
1,53.18,52.86,52.46,52.26,52.06,51.82,51.78,52.02,51.88,51.7
1,52.02,51.88,51.7,52.2,52.36,52.22,52.4,52.58,52.16,51.96
1,53.12,53.32,53.42,53.44,53.38,53.02,52.78,52.34,51.92,51.44
1,54.38,54.86,55.42,55.94,56.44,56.74,56.78,56.8,56.98,57.18
1,56.98,57.18,57.76,58.48,58.88,59.2,59.16,59.12,59.04,59.34
1,62.8,63.06,63.36,63.46,63.6,63.32,62.76,62.58,62.56,62.76
1,66.02,66.32,66.12,65.28,64.86,64.02,63.32,62.92,62.5,61.96
1,60.12,59.94,59.96,60.14,60.6,61.26,62.14,63.04,63.66,64.46
1,60.14,60.6,61.26,62.14,63.04,63.66,64.46,65.36,65.92,66.18
1,65.84,64.72,64.16,63.34,62.86,62.38,62.12,61.58,61.04,60.44
1,61.04,60.44,60.32,60.16,60.24,60.78,60.96,61.08,61.04,59.94
1,60.16,60.24,60.78,60.96,61.08,61.04,59.94,59.14,58.56,57.64
1,59.94,59.14,58.56,57.64,57.24,57.42,57.6,57.98,57.68,57.12
1,58.1,57.8,57.48,57,56.88,56.72,56.36,55.74,55.28,54.62
1,53.84,54.22,54.48,54.68,54.82,54.92,54.88,54.96,55.14,55.52
1,58.26,58.7,58.76,59,58.82,58.26,57.74,57.4,56.94,56.78
1,60.06,60.26,60.34,60.34,60.44,60.34,59.86,59.82,60,60.16
1,61.12,61.44,61.88,62.32,62.56,62.82,63.02,63.5,63.7,64
1,64,64.4,65.02,65.36,65.94,66.62,66.92,66.84,66.88,66.34
1,65.36,65.94,66.62,66.92,66.84,66.88,66.34,65.74,65.16,64.92
1,65.12,65.1,65.26,65.4,65.1,65.28,65.6,65.84,66.22,66.74
1,65.84,66.22,66.74,67.14,67.4,67.56,67.22,66.88,66.12,65.74
1,68.6,67.8,67.76,67.6,67.78,68.06,68.34,68.38,68.22,67.6
1,67.4,67.66,67.6,67.8,67.56,66.44,65.6,65.36,65.18,65.26
1,68.28,67.58,66.74,65.78,64.98,65.04,65.58,66.46,67.4,68.06
1,65.78,64.98,65.04,65.58,66.46,67.4,68.06,69,69.16,69.22
1,63.32,62.58,62.88,62.88,62.4,62.28,62.4,62.04,61.1,60.6
1,60.6,60.64,60.64,60.62,61.36,61.88,61.76,61.66,61.52,61.06
1,61.36,61.88,61.76,61.66,61.52,61.06,61.28,61.48,61.52,61.84
1,61.76,61.7,61.64,61.32,61.28,61.2,61.22,61.12,61.3,61.24
1,64.74,64.72,64.38,63.8,63.46,62.94,62.38,62.3,62.44,61.92
1,63.8,63.46,62.94,62.38,62.3,62.44,61.92,61.74,61.5,61.14
1,62.32,62.46,62.28,62.1,61.8,61.6,61.24,61.02,60.78,60.2
1,62.28,62.1,61.8,61.6,61.24,61.02,60.78,60.2,60,59.82
1,61.6,61.24,61.02,60.78,60.2,60,59.82,59.94,59.66,59.64
1,60.32,60.7,61.1,61.36,61.84,61.92,61.68,61.12,60.8,60.02
1,61.36,61.84,61.92,61.68,61.12,60.8,60.02,59.6,59.26,59.1
1,52.64,52.44,52.62,52.8,54.28,55.64,56.88,58.06,59.22,59.8
1,55.64,56.88,58.06,59.22,59.8,60.64,60.96,60.68,60.98,61.22
1,61.22,61.2,61.08,61.32,61.5,62,61.94,61.9,62.24,62.42
1,63.16,63.26,63.16,63.26,62.68,62.1,61.84,61.34,61,61.12
1,61.86,63.36,64.82,65.8,66.04,65.54,64.68,63.6,63,63.12
1,63,63.12,63.66,63.92,64.18,64.28,64.22,63.82,63.54,63.96
1,63.82,63.54,63.96,64.48,65.02,65.9,66.76,66.64,66,65.58
1,63.96,64.48,65.02,65.9,66.76,66.64,66,65.58,65.4,64.88
1,64.56,64.36,64.5,64.64,64.7,64.88,64.88,64,62.76,61.76
1,64.5,64.64,64.7,64.88,64.88,64,62.76,61.76,60.78,59.72
1,60.78,59.72,59.26,59.4,60.08,60.18,59.92,58.78,58.38,57.5
1,59.4,60.08,60.18,59.92,58.78,58.38,57.5,57.34,57.4,58.16
1,57.4,58.16,58.44,58.4,57.44,57.26,56.98,56.4,55.98,56.06
1,60.02,60.02,60.1,60.24,59.98,59.2,58.06,56.98,55.64,54.46
1,54.46,54.48,54.48,54.22,54,53.94,52.94,52.28,52.12,52.06
1,54.1,53.44,52.94,52.56,52.24,51.36,50.8,49.55,48.49,47.54
1,47.25,46.76,45.6,44.48,43.4,42.36,41.18,40.3,40.18,40.93
1,39.12,39.58,40.28,39.89,39.52,38.75,38.03,37.83,38.4,39.7
1,39.89,39.52,38.75,38.03,37.83,38.4,39.7,41.27,42.19,42.92
1,43.66,44.13,44.15,44.78,45.01,44.88,44.36,43.98,43.67,43.42
1,42.09,42.23,42.19,41.63,40.95,40.79,40.81,41.09,41.47,42.03
1,47.3,47.84,48.17,48.37,48.72,49.29,49.63,49.82,49.46,49.52
1,51.78,51.62,51.44,51.18,51.18,51.2,50.92,50.8,50.98,51.76
1,56.16,55.76,55.46,55.42,55.74,55.7,56.12,56.4,56.34,56.26
1,59.14,59.4,58.8,58.54,57.88,57.14,57.2,57.38,57.04,56.38
1,57.38,57.04,56.38,55.88,54.64,53.52,52.78,52.72,52.26,52.44
1,53.06,53.14,53.82,54.24,54.52,54.64,54.84,54.98,54.86,54.9
1,54.9,55.12,55.24,55.32,55.16,54.92,54.5,54.46,54.4,54.74
1,54.5,54.46,54.4,54.74,55.22,55.86,56.42,56.9,57.14,57.04
1,58.08,58.06,57.88,57.46,57.58,57.8,58.12,58.34,58.88,59.04
1,57.58,57.8,58.12,58.34,58.88,59.04,59.5,59.62,59.82,59.92
1,59.5,59.62,59.82,59.92,60.48,60.82,61.3,62.04,62.52,62.42
1,62.38,62.52,62.32,62.38,62.54,62.54,62.46,62.12,61.8,61.48
1,61.66,61.68,61.54,61.32,61.02,60.72,60.38,59.96,59.78,59.66
1,61.82,62.24,62.38,62.52,62.5,62.42,62.38,62.34,62.16,61.82
1,61.82,61.64,61.3,60.92,60.82,61.12,61.4,61.74,62.06,62.02
1,60.82,61.12,61.4,61.74,62.06,62.02,62.24,62.28,62.34,62.22
1,60.76,60.24,60.32,60.2,59.98,60.02,59.84,58.98,58.62,58.3
1,60.32,60.2,59.98,60.02,59.84,58.98,58.62,58.3,58.06,57.92
1,59.84,58.98,58.62,58.3,58.06,57.92,58.28,58.64,58.86,58.78
1,57.92,58.28,58.64,58.86,58.78,58.86,58.98,59,59.3,59.5
1,61.14,61.22,60.94,60.62,60.44,60.24,60.08,59.92,59.9,59.92
1,59.62,59.14,59.1,58.88,58.8,58.76,58.74,58.98,59.26,59.44
1,58.74,58.98,59.26,59.44,59.86,60.32,60.12,59.86,59.62,59.34
1,62.54,62.28,61.96,61.64,61.34,60.94,60.72,60.66,60.44,60.22
1,61.34,60.94,60.72,60.66,60.44,60.22,60.3,60.32,60,59.94
1,60.66,60.44,60.22,60.3,60.32,60,59.94,60.12,60.1,60
1,60.52,60.28,60,59.98,59.94,59.9,59.86,59.68,59.42,59.2
1,60,59.98,59.94,59.9,59.86,59.68,59.42,59.2,59.06,58.92
1,61.06,61.44,61.68,61.7,61.76,61.62,61.58,61.5,61.48,61.32
1,61.58,61.5,61.48,61.32,61.42,61.44,61.24,61.18,61.18,61.02
1,63.7,63.84,63.94,63.94,64.22,64.58,65.36,66.2,67.12,67.8
1,65.36,66.2,67.12,67.8,68.56,68.84,69.02,69.22,69.62,69.86
1,70.92,70.8,70.72,70.76,70.84,70.9,70.74,70.82,71.12,71.74
1,70.86,70.74,70.04,69.46,68.84,68.5,68.24,68.36,68.4,68.8
1,68.24,68.36,68.4,68.8,69.38,69.78,70.22,70.54,70.78,70.68
1,71.52,70.92,70.18,69.76,69.36,69.18,69.36,69.7,69.96,70.4
1,72.9,72.78,72.72,72.28,71.7,71.58,71.4,70.88,70.56,70.2
1,72.82,72.82,72.94,72.48,71.82,71.22,70.14,68.66,67.04,66.18
1,72.94,72.48,71.82,71.22,70.14,68.66,67.04,66.18,65.46,65.16
1,65.48,66.02,66.02,65.62,65.38,65.02,65.18,65.52,66.04,66.84
1,65.52,66.04,66.84,67.72,68.16,68.54,68.86,68.78,68.22,67.64
1,68.54,68.86,68.78,68.22,67.64,67.48,67.5,67.86,68.22,68.44
1,68.22,68.44,68.54,69.02,69.4,69.82,70.78,70.76,70.04,69.24
1,70.04,70.44,70.58,70.72,70.58,70.58,70.7,70.86,71.02,71.46
1,72.02,72.4,72.86,73.26,73.58,73.88,74.16,74.3,74.34,74.16
1,74.1,74.4,74.66,75.28,75.44,74.92,74.52,74.12,73.54,73.02
1,76.14,76.08,75.7,75.44,75.4,75.02,74.26,73.98,73.48,73
1,75.62,75.66,75.62,75.74,75.9,76.04,76.24,76.62,76.56,76.38
1,76.62,76.56,76.38,76.42,76.76,76.96,77.3,77.54,77.44,77
1,77,76.78,76.86,77,77.36,77.44,77.28,77.26,77.46,77.56
1,79.62,79.68,79.92,79.88,79.56,79.36,79.3,79.44,79.66,80.02
1,79.88,79.56,79.36,79.3,79.44,79.66,80.02,80.84,81.54,81.76
1,84.88,84.78,85.08,84.92,84.44,84.38,84,83.38,82.86,82.76
1,84.92,84.44,84.38,84,83.38,82.86,82.76,82.98,83.36,83.72
1,82.98,83.36,83.72,84.24,84.88,84.76,84.64,84.8,84.64,84.28
1,85.04,85.26,85.02,84.98,84.24,83.66,83,82.14,81.24,80.88
1,80.7,80.72,81.24,82.14,82.12,81.1,80.28,79.5,78.44,78.04
1,81.1,80.28,79.5,78.44,78.04,78.82,79.06,79.5,79.38,79.42
1,79.42,79.5,79.72,80.04,80.32,80.72,80.48,80.12,79.66,79.52
1,75.98,75.32,75.68,75.86,75.62,75.62,75.58,75.34,75.86,76.8
1,81.78,82.14,82.64,82.76,82.76,82.7,82.78,82.66,82.62,82.62
1,84.24,84.78,85.38,85.64,85.94,86,85.84,85.76,85.8,85.88
1,87.72,88.46,89.14,89.74,89.98,90.02,89.52,88.66,87.8,86.88
1,87.8,86.88,86.56,86.62,87.14,87.22,87.14,86.78,86.38,85.72
1,90.6,90.8,90.78,90.68,90.62,90.5,90.24,90.26,90.26,90.48
1,93.78,94.86,95.9,96.54,97.06,97.12,97.32,97.34,97.22,96.94
1,97.32,97.34,97.22,96.94,97.28,97.58,98.1,98.16,98.26,97.94
1,97.94,97.72,97.08,96.36,96.1,95.8,95.64,95.64,95.8,96.06
1,95.8,96.06,96.94,97.84,98.94,99.92,100.46,100.54,100.54,100.44
1,100.66,100.78,100.28,100.04,100.04,100.14,100.46,100.96,101.7,102.1
1,100.38,100.06,101.26,103.08,104.18,105.38,106.8,107.2,107.1,107.8
1,110.4,110.4,109.5,109.4,109.1,108.6,108.4,108.6,108.4,107.4
1,107.1,106.6,106.2,105.7,105.6,105.1,104.1,103,102.2,102.3
1,106.8,106.6,107.1,107.3,108.2,108.6,109.2,108.4,106.04,103.54
1,96.48,96.5,96.4,95.84,95.38,95.58,95.64,95.66,96.14,96.98
1,101.6,101.8,102.3,103.1,103.5,103.6,103.5,103.7,103.9,103.8
1,103.6,103.6,102.6,101.9,101.9,102.6,102.8,103.3,104,104.4
1,102.6,101.9,101.9,102.6,102.8,103.3,104,104.4,104.7,104.9
1,101.9,102.6,102.8,103.3,104,104.4,104.7,104.9,105.7,105.9
1,104.2,104.2,104.2,104,103.9,103.3,103.2,102.4,102.3,102.2
1,102.5,102.9,103.2,103.7,104.1,104.6,104.9,104.6,104.2,103.4
1,104.1,104.6,104.9,104.6,104.2,103.4,103.1,102.4,102.3,102.4
1,107.7,107.7,107.4,107.4,107.3,107.6,107.7,107.8,108.2,109.3
1,107.3,107.6,107.7,107.8,108.2,109.3,110.6,111.6,112.9,113.5
1,114.3,114.5,114.6,114.9,114,113.5,113.2,113,113.2,114
1,121.4,121.4,121.6,120.7,120.2,120,119.5,118.9,118.6,118.4
1,121.5,121.6,121.3,121.3,121.3,121.7,122.2,122.9,122.9,122.4
1,124.2,124.7,125,124.8,124.4,124,123.7,123.9,124.6,125.6
1,123.6,122.8,122.2,122.6,121.7,120.9,121,121.1,120.5,120.9
1,124.1,123.8,123.8,123.5,122.9,122.1,121.8,121.3,121,120.8
1,123.6,123.8,124.6,123.8,122.8,122.1,121.9,121.6,122.7,123.5
1,128.8,129.4,130.2,130.8,131.5,131.6,132.3,132.7,132.7,133.1
1,130.8,131.5,131.6,132.3,132.7,132.7,133.1,133.9,133.6,133.1
1,138.4,138,138.1,137.7,136.8,136.3,135.9,134.9,133.8,133.2
1,144.7,145.4,144.6,144.1,143.6,143.5,143.9,144.3,144.2,143.8
1,150.1,150.6,150.7,151.1,151,150.1,149.8,149.1,147.8,146.9
1,151.1,151,150.1,149.8,149.1,147.8,146.9,146.5,146.5,146.6
1,147.6,149.1,150.3,151.3,152.8,153.3,152.8,151.1,148.8,146.6
1,150.3,151.3,152.8,153.3,152.8,151.1,148.8,146.6,145.4,144
1,152.8,151.1,148.8,146.6,145.4,144,144.3,145,145.1,144.6
1,145.4,144,144.3,145,145.1,144.6,145.2,145.2,144.8,144.8
1,144.6,145.2,145.2,144.8,144.8,145.6,144.7,143.9,143.6,143.7
1,146.3,146.4,145.9,145.4,145,143.8,142.6,141.3,140.3,139.6
0,49.63,49.82,49.46,49.52,50,50.36,50.86,51.7,52.04,51.84
0,49.82,49.46,49.52,50,50.36,50.86,51.7,52.04,51.84,51.54
0,49.46,49.52,50,50.36,50.86,51.7,52.04,51.84,51.54,51.68
0,49.52,50,50.36,50.86,51.7,52.04,51.84,51.54,51.68,51.82
0,51.62,51.44,51.18,51.18,51.2,50.92,50.8,50.98,51.76,53.46
0,51.44,51.18,51.18,51.2,50.92,50.8,50.98,51.76,53.46,54.96
0,55.76,55.46,55.42,55.74,55.7,56.12,56.4,56.34,56.26,57.1
0,55.46,55.42,55.74,55.7,56.12,56.4,56.34,56.26,57.1,57.58
0,55.42,55.74,55.7,56.12,56.4,56.34,56.26,57.1,57.58,58.32
0,55.74,55.7,56.12,56.4,56.34,56.26,57.1,57.58,58.32,59.14
0,55.7,56.12,56.4,56.34,56.26,57.1,57.58,58.32,59.14,59.4
0,56.12,56.4,56.34,56.26,57.1,57.58,58.32,59.14,59.4,58.8
0,56.4,56.34,56.26,57.1,57.58,58.32,59.14,59.4,58.8,58.54
0,56.34,56.26,57.1,57.58,58.32,59.14,59.4,58.8,58.54,57.88
0,56.26,57.1,57.58,58.32,59.14,59.4,58.8,58.54,57.88,57.14
0,57.1,57.58,58.32,59.14,59.4,58.8,58.54,57.88,57.14,57.2
0,57.58,58.32,59.14,59.4,58.8,58.54,57.88,57.14,57.2,57.38
0,58.32,59.14,59.4,58.8,58.54,57.88,57.14,57.2,57.38,57.04
0,59.4,58.8,58.54,57.88,57.14,57.2,57.38,57.04,56.38,55.88
0,57.04,56.38,55.88,54.64,53.52,52.78,52.72,52.26,52.44,52.64
0,56.38,55.88,54.64,53.52,52.78,52.72,52.26,52.44,52.64,53.06
0,53.14,53.82,54.24,54.52,54.64,54.84,54.98,54.86,54.9,55.12
0,55.12,55.24,55.32,55.16,54.92,54.5,54.46,54.4,54.74,55.22
0,55.24,55.32,55.16,54.92,54.5,54.46,54.4,54.74,55.22,55.86
0,55.32,55.16,54.92,54.5,54.46,54.4,54.74,55.22,55.86,56.42
0,55.16,54.92,54.5,54.46,54.4,54.74,55.22,55.86,56.42,56.9
0,54.92,54.5,54.46,54.4,54.74,55.22,55.86,56.42,56.9,57.14
0,54.46,54.4,54.74,55.22,55.86,56.42,56.9,57.14,57.04,57.38
0,54.4,54.74,55.22,55.86,56.42,56.9,57.14,57.04,57.38,57.52
0,58.06,57.88,57.46,57.58,57.8,58.12,58.34,58.88,59.04,59.5
0,57.8,58.12,58.34,58.88,59.04,59.5,59.62,59.82,59.92,60.48
0,58.12,58.34,58.88,59.04,59.5,59.62,59.82,59.92,60.48,60.82
0,58.34,58.88,59.04,59.5,59.62,59.82,59.92,60.48,60.82,61.3
0,58.88,59.04,59.5,59.62,59.82,59.92,60.48,60.82,61.3,62.04
0,59.04,59.5,59.62,59.82,59.92,60.48,60.82,61.3,62.04,62.52
0,59.62,59.82,59.92,60.48,60.82,61.3,62.04,62.52,62.42,62.38
0,59.82,59.92,60.48,60.82,61.3,62.04,62.52,62.42,62.38,62.52
0,59.92,60.48,60.82,61.3,62.04,62.52,62.42,62.38,62.52,62.32
0,60.48,60.82,61.3,62.04,62.52,62.42,62.38,62.52,62.32,62.38
0,60.82,61.3,62.04,62.52,62.42,62.38,62.52,62.32,62.38,62.54
0,61.3,62.04,62.52,62.42,62.38,62.52,62.32,62.38,62.54,62.54
0,62.04,62.52,62.42,62.38,62.52,62.32,62.38,62.54,62.54,62.46
0,62.52,62.32,62.38,62.54,62.54,62.46,62.12,61.8,61.48,61.72
0,62.32,62.38,62.54,62.54,62.46,62.12,61.8,61.48,61.72,62.16
0,62.38,62.54,62.54,62.46,62.12,61.8,61.48,61.72,62.16,63
0,62.54,62.54,62.46,62.12,61.8,61.48,61.72,62.16,63,63.32
0,62.54,62.46,62.12,61.8,61.48,61.72,62.16,63,63.32,63.58
0,62.46,62.12,61.8,61.48,61.72,62.16,63,63.32,63.58,63.32
0,62.12,61.8,61.48,61.72,62.16,63,63.32,63.58,63.32,62.84
0,61.8,61.48,61.72,62.16,63,63.32,63.58,63.32,62.84,62.02
0,61.48,61.72,62.16,63,63.32,63.58,63.32,62.84,62.02,61.7
0,61.72,62.16,63,63.32,63.58,63.32,62.84,62.02,61.7,61.54
0,62.16,63,63.32,63.58,63.32,62.84,62.02,61.7,61.54,61.42
0,63,63.32,63.58,63.32,62.84,62.02,61.7,61.54,61.42,61.7
0,63.32,63.58,63.32,62.84,62.02,61.7,61.54,61.42,61.7,62.28
0,63.58,63.32,62.84,62.02,61.7,61.54,61.42,61.7,62.28,62.44
0,63.32,62.84,62.02,61.7,61.54,61.42,61.7,62.28,62.44,62.48
0,62.84,62.02,61.7,61.54,61.42,61.7,62.28,62.44,62.48,62.52
0,62.02,61.7,61.54,61.42,61.7,62.28,62.44,62.48,62.52,62.14
0,61.7,61.54,61.42,61.7,62.28,62.44,62.48,62.52,62.14,61.74
0,61.54,61.42,61.7,62.28,62.44,62.48,62.52,62.14,61.74,61.66
0,61.42,61.7,62.28,62.44,62.48,62.52,62.14,61.74,61.66,61.68
0,61.7,62.28,62.44,62.48,62.52,62.14,61.74,61.66,61.68,61.54
0,62.28,62.44,62.48,62.52,62.14,61.74,61.66,61.68,61.54,61.32
0,62.44,62.48,62.52,62.14,61.74,61.66,61.68,61.54,61.32,61.02
0,62.48,62.52,62.14,61.74,61.66,61.68,61.54,61.32,61.02,60.72
0,61.68,61.54,61.32,61.02,60.72,60.38,59.96,59.78,59.66,59.66
0,61.54,61.32,61.02,60.72,60.38,59.96,59.78,59.66,59.66,59.7
0,61.32,61.02,60.72,60.38,59.96,59.78,59.66,59.66,59.7,59.96
0,61.02,60.72,60.38,59.96,59.78,59.66,59.66,59.7,59.96,60.48
0,60.72,60.38,59.96,59.78,59.66,59.66,59.7,59.96,60.48,60.98
0,60.38,59.96,59.78,59.66,59.66,59.7,59.96,60.48,60.98,61.34
0,59.96,59.78,59.66,59.66,59.7,59.96,60.48,60.98,61.34,61.82
0,59.78,59.66,59.66,59.7,59.96,60.48,60.98,61.34,61.82,62.24
0,59.66,59.66,59.7,59.96,60.48,60.98,61.34,61.82,62.24,62.38
0,59.66,59.7,59.96,60.48,60.98,61.34,61.82,62.24,62.38,62.52
0,59.7,59.96,60.48,60.98,61.34,61.82,62.24,62.38,62.52,62.5
0,59.96,60.48,60.98,61.34,61.82,62.24,62.38,62.52,62.5,62.42
0,60.48,60.98,61.34,61.82,62.24,62.38,62.52,62.5,62.42,62.38
0,60.98,61.34,61.82,62.24,62.38,62.52,62.5,62.42,62.38,62.34
0,61.34,61.82,62.24,62.38,62.52,62.5,62.42,62.38,62.34,62.16
0,62.24,62.38,62.52,62.5,62.42,62.38,62.34,62.16,61.82,61.64
0,62.38,62.52,62.5,62.42,62.38,62.34,62.16,61.82,61.64,61.3
0,62.52,62.5,62.42,62.38,62.34,62.16,61.82,61.64,61.3,60.92
0,62.5,62.42,62.38,62.34,62.16,61.82,61.64,61.3,60.92,60.82
0,62.42,62.38,62.34,62.16,61.82,61.64,61.3,60.92,60.82,61.12
0,62.38,62.34,62.16,61.82,61.64,61.3,60.92,60.82,61.12,61.4
0,62.34,62.16,61.82,61.64,61.3,60.92,60.82,61.12,61.4,61.74
0,62.16,61.82,61.64,61.3,60.92,60.82,61.12,61.4,61.74,62.06
0,61.64,61.3,60.92,60.82,61.12,61.4,61.74,62.06,62.02,62.24
0,61.3,60.92,60.82,61.12,61.4,61.74,62.06,62.02,62.24,62.28
0,60.92,60.82,61.12,61.4,61.74,62.06,62.02,62.24,62.28,62.34
0,61.12,61.4,61.74,62.06,62.02,62.24,62.28,62.34,62.22,62.4
0,61.4,61.74,62.06,62.02,62.24,62.28,62.34,62.22,62.4,62.26
0,61.74,62.06,62.02,62.24,62.28,62.34,62.22,62.4,62.26,62.16
0,62.06,62.02,62.24,62.28,62.34,62.22,62.4,62.26,62.16,62.2
0,62.02,62.24,62.28,62.34,62.22,62.4,62.26,62.16,62.2,62.52
0,62.24,62.28,62.34,62.22,62.4,62.26,62.16,62.2,62.52,62.8
0,62.28,62.34,62.22,62.4,62.26,62.16,62.2,62.52,62.8,63.1
0,62.34,62.22,62.4,62.26,62.16,62.2,62.52,62.8,63.1,63.4
0,62.22,62.4,62.26,62.16,62.2,62.52,62.8,63.1,63.4,63.48
0,62.4,62.26,62.16,62.2,62.52,62.8,63.1,63.4,63.48,63.58
0,62.26,62.16,62.2,62.52,62.8,63.1,63.4,63.48,63.58,63.76
0,62.16,62.2,62.52,62.8,63.1,63.4,63.48,63.58,63.76,64.06
0,62.2,62.52,62.8,63.1,63.4,63.48,63.58,63.76,64.06,64.22
0,62.52,62.8,63.1,63.4,63.48,63.58,63.76,64.06,64.22,64.54
0,62.8,63.1,63.4,63.48,63.58,63.76,64.06,64.22,64.54,64.6
0,63.1,63.4,63.48,63.58,63.76,64.06,64.22,64.54,64.6,64.5
0,63.4,63.48,63.58,63.76,64.06,64.22,64.54,64.6,64.5,64.42
0,63.48,63.58,63.76,64.06,64.22,64.54,64.6,64.5,64.42,64.24
0,63.58,63.76,64.06,64.22,64.54,64.6,64.5,64.42,64.24,63.82
0,63.76,64.06,64.22,64.54,64.6,64.5,64.42,64.24,63.82,63.62
0,64.06,64.22,64.54,64.6,64.5,64.42,64.24,63.82,63.62,63.52
0,64.22,64.54,64.6,64.5,64.42,64.24,63.82,63.62,63.52,63.2
0,64.54,64.6,64.5,64.42,64.24,63.82,63.62,63.52,63.2,62.98
0,64.6,64.5,64.42,64.24,63.82,63.62,63.52,63.2,62.98,63.02
0,64.5,64.42,64.24,63.82,63.62,63.52,63.2,62.98,63.02,62.9
0,64.42,64.24,63.82,63.62,63.52,63.2,62.98,63.02,62.9,62.42
0,64.24,63.82,63.62,63.52,63.2,62.98,63.02,62.9,62.42,61.92
0,63.82,63.62,63.52,63.2,62.98,63.02,62.9,62.42,61.92,61.44
0,63.62,63.52,63.2,62.98,63.02,62.9,62.42,61.92,61.44,60.76
0,63.52,63.2,62.98,63.02,62.9,62.42,61.92,61.44,60.76,60.24
0,63.2,62.98,63.02,62.9,62.42,61.92,61.44,60.76,60.24,60.32
0,62.98,63.02,62.9,62.42,61.92,61.44,60.76,60.24,60.32,60.2
0,63.02,62.9,62.42,61.92,61.44,60.76,60.24,60.32,60.2,59.98
0,62.9,62.42,61.92,61.44,60.76,60.24,60.32,60.2,59.98,60.02
0,62.42,61.92,61.44,60.76,60.24,60.32,60.2,59.98,60.02,59.84
0,60.24,60.32,60.2,59.98,60.02,59.84,58.98,58.62,58.3,58.06
0,60.2,59.98,60.02,59.84,58.98,58.62,58.3,58.06,57.92,58.28
0,59.98,60.02,59.84,58.98,58.62,58.3,58.06,57.92,58.28,58.64
0,60.02,59.84,58.98,58.62,58.3,58.06,57.92,58.28,58.64,58.86
0,58.98,58.62,58.3,58.06,57.92,58.28,58.64,58.86,58.78,58.86
0,58.62,58.3,58.06,57.92,58.28,58.64,58.86,58.78,58.86,58.98
0,58.3,58.06,57.92,58.28,58.64,58.86,58.78,58.86,58.98,59
0,58.06,57.92,58.28,58.64,58.86,58.78,58.86,58.98,59,59.3
0,58.28,58.64,58.86,58.78,58.86,58.98,59,59.3,59.5,59.82
0,58.64,58.86,58.78,58.86,58.98,59,59.3,59.5,59.82,60.14
0,58.86,58.78,58.86,58.98,59,59.3,59.5,59.82,60.14,60.42
0,58.78,58.86,58.98,59,59.3,59.5,59.82,60.14,60.42,60.7
0,58.86,58.98,59,59.3,59.5,59.82,60.14,60.42,60.7,61.14
0,58.98,59,59.3,59.5,59.82,60.14,60.42,60.7,61.14,61.22
0,61.22,60.94,60.62,60.44,60.24,60.08,59.92,59.9,59.92,60.14
0,60.94,60.62,60.44,60.24,60.08,59.92,59.9,59.92,60.14,60.54
0,60.62,60.44,60.24,60.08,59.92,59.9,59.92,60.14,60.54,61.18
0,60.44,60.24,60.08,59.92,59.9,59.92,60.14,60.54,61.18,61.7
0,60.24,60.08,59.92,59.9,59.92,60.14,60.54,61.18,61.7,61.88
0,60.08,59.92,59.9,59.92,60.14,60.54,61.18,61.7,61.88,62
0,59.92,59.9,59.92,60.14,60.54,61.18,61.7,61.88,62,62.08
0,59.9,59.92,60.14,60.54,61.18,61.7,61.88,62,62.08,62.32
0,59.92,60.14,60.54,61.18,61.7,61.88,62,62.08,62.32,62.58
0,60.14,60.54,61.18,61.7,61.88,62,62.08,62.32,62.58,62.74
0,60.54,61.18,61.7,61.88,62,62.08,62.32,62.58,62.74,62.86
0,61.18,61.7,61.88,62,62.08,62.32,62.58,62.74,62.86,63
0,61.7,61.88,62,62.08,62.32,62.58,62.74,62.86,63,62.9
0,61.88,62,62.08,62.32,62.58,62.74,62.86,63,62.9,62.96
0,62,62.08,62.32,62.58,62.74,62.86,63,62.9,62.96,63.38
0,62.08,62.32,62.58,62.74,62.86,63,62.9,62.96,63.38,63.44
0,62.32,62.58,62.74,62.86,63,62.9,62.96,63.38,63.44,63.34
0,62.58,62.74,62.86,63,62.9,62.96,63.38,63.44,63.34,63.32
0,62.74,62.86,63,62.9,62.96,63.38,63.44,63.34,63.32,63.04
0,62.86,63,62.9,62.96,63.38,63.44,63.34,63.32,63.04,62.48
0,63,62.9,62.96,63.38,63.44,63.34,63.32,63.04,62.48,62.22
0,62.9,62.96,63.38,63.44,63.34,63.32,63.04,62.48,62.22,62.4
0,62.96,63.38,63.44,63.34,63.32,63.04,62.48,62.22,62.4,62.58
0,63.38,63.44,63.34,63.32,63.04,62.48,62.22,62.4,62.58,62.52
0,63.44,63.34,63.32,63.04,62.48,62.22,62.4,62.58,62.52,62.52
0,63.34,63.32,63.04,62.48,62.22,62.4,62.58,62.52,62.52,62.54
0,63.32,63.04,62.48,62.22,62.4,62.58,62.52,62.52,62.54,62.16
0,63.04,62.48,62.22,62.4,62.58,62.52,62.52,62.54,62.16,61.62
0,62.48,62.22,62.4,62.58,62.52,62.52,62.54,62.16,61.62,61.16
0,62.22,62.4,62.58,62.52,62.52,62.54,62.16,61.62,61.16,60.74
0,62.4,62.58,62.52,62.52,62.54,62.16,61.62,61.16,60.74,60.26
0,62.58,62.52,62.52,62.54,62.16,61.62,61.16,60.74,60.26,59.9
0,62.52,62.52,62.54,62.16,61.62,61.16,60.74,60.26,59.9,59.72
0,62.52,62.54,62.16,61.62,61.16,60.74,60.26,59.9,59.72,59.78
0,62.54,62.16,61.62,61.16,60.74,60.26,59.9,59.72,59.78,60.12
0,62.16,61.62,61.16,60.74,60.26,59.9,59.72,59.78,60.12,60.48
0,61.62,61.16,60.74,60.26,59.9,59.72,59.78,60.12,60.48,60.36
0,61.16,60.74,60.26,59.9,59.72,59.78,60.12,60.48,60.36,60.24
0,60.74,60.26,59.9,59.72,59.78,60.12,60.48,60.36,60.24,60.08
0,59.14,59.1,58.88,58.8,58.76,58.74,58.98,59.26,59.44,59.86
0,59.1,58.88,58.8,58.76,58.74,58.98,59.26,59.44,59.86,60.32
0,58.98,59.26,59.44,59.86,60.32,60.12,59.86,59.62,59.34,59.24
0,59.26,59.44,59.86,60.32,60.12,59.86,59.62,59.34,59.24,59.62
0,59.44,59.86,60.32,60.12,59.86,59.62,59.34,59.24,59.62,60.2
0,59.86,60.32,60.12,59.86,59.62,59.34,59.24,59.62,60.2,60.9
0,60.32,60.12,59.86,59.62,59.34,59.24,59.62,60.2,60.9,61.56
0,60.12,59.86,59.62,59.34,59.24,59.62,60.2,60.9,61.56,62.12
0,59.86,59.62,59.34,59.24,59.62,60.2,60.9,61.56,62.12,62.42
0,59.62,59.34,59.24,59.62,60.2,60.9,61.56,62.12,62.42,62.56
0,59.34,59.24,59.62,60.2,60.9,61.56,62.12,62.42,62.56,62.54
0,59.24,59.62,60.2,60.9,61.56,62.12,62.42,62.56,62.54,62.28
0,59.62,60.2,60.9,61.56,62.12,62.42,62.56,62.54,62.28,61.96
0,60.2,60.9,61.56,62.12,62.42,62.56,62.54,62.28,61.96,61.64
0,60.9,61.56,62.12,62.42,62.56,62.54,62.28,61.96,61.64,61.34
0,61.56,62.12,62.42,62.56,62.54,62.28,61.96,61.64,61.34,60.94
0,62.12,62.42,62.56,62.54,62.28,61.96,61.64,61.34,60.94,60.72
0,62.42,62.56,62.54,62.28,61.96,61.64,61.34,60.94,60.72,60.66
0,62.28,61.96,61.64,61.34,60.94,60.72,60.66,60.44,60.22,60.3
0,61.96,61.64,61.34,60.94,60.72,60.66,60.44,60.22,60.3,60.32
0,60.94,60.72,60.66,60.44,60.22,60.3,60.32,60,59.94,60.12
0,60.72,60.66,60.44,60.22,60.3,60.32,60,59.94,60.12,60.1
0,60.44,60.22,60.3,60.32,60,59.94,60.12,60.1,60,60.26
0,60.22,60.3,60.32,60,59.94,60.12,60.1,60,60.26,60.64
0,60.3,60.32,60,59.94,60.12,60.1,60,60.26,60.64,60.92
0,60.32,60,59.94,60.12,60.1,60,60.26,60.64,60.92,61.26
0,60,59.94,60.12,60.1,60,60.26,60.64,60.92,61.26,61.84
0,59.94,60.12,60.1,60,60.26,60.64,60.92,61.26,61.84,62.14
0,60.12,60.1,60,60.26,60.64,60.92,61.26,61.84,62.14,62.34
0,60.1,60,60.26,60.64,60.92,61.26,61.84,62.14,62.34,62.58
0,60,60.26,60.64,60.92,61.26,61.84,62.14,62.34,62.58,62.78
0,60.26,60.64,60.92,61.26,61.84,62.14,62.34,62.58,62.78,62.7
0,60.64,60.92,61.26,61.84,62.14,62.34,62.58,62.78,62.7,62.64
0,60.92,61.26,61.84,62.14,62.34,62.58,62.78,62.7,62.64,62.54
0,61.26,61.84,62.14,62.34,62.58,62.78,62.7,62.64,62.54,62.34
0,61.84,62.14,62.34,62.58,62.78,62.7,62.64,62.54,62.34,62.12
0,62.14,62.34,62.58,62.78,62.7,62.64,62.54,62.34,62.12,61.82
0,62.34,62.58,62.78,62.7,62.64,62.54,62.34,62.12,61.82,61.5
0,62.58,62.78,62.7,62.64,62.54,62.34,62.12,61.82,61.5,61.3
0,62.78,62.7,62.64,62.54,62.34,62.12,61.82,61.5,61.3,61.1
0,62.7,62.64,62.54,62.34,62.12,61.82,61.5,61.3,61.1,60.76
0,62.64,62.54,62.34,62.12,61.82,61.5,61.3,61.1,60.76,60.6
0,62.54,62.34,62.12,61.82,61.5,61.3,61.1,60.76,60.6,60.52
0,62.34,62.12,61.82,61.5,61.3,61.1,60.76,60.6,60.52,60.28
0,62.12,61.82,61.5,61.3,61.1,60.76,60.6,60.52,60.28,60
0,61.82,61.5,61.3,61.1,60.76,60.6,60.52,60.28,60,59.98
0,61.5,61.3,61.1,60.76,60.6,60.52,60.28,60,59.98,59.94
0,61.3,61.1,60.76,60.6,60.52,60.28,60,59.98,59.94,59.9
0,61.1,60.76,60.6,60.52,60.28,60,59.98,59.94,59.9,59.86
0,60.28,60,59.98,59.94,59.9,59.86,59.68,59.42,59.2,59.06
0,59.98,59.94,59.9,59.86,59.68,59.42,59.2,59.06,58.92,59
0,59.94,59.9,59.86,59.68,59.42,59.2,59.06,58.92,59,59.14
0,59.9,59.86,59.68,59.42,59.2,59.06,58.92,59,59.14,59.34
0,59.86,59.68,59.42,59.2,59.06,58.92,59,59.14,59.34,59.56
0,59.68,59.42,59.2,59.06,58.92,59,59.14,59.34,59.56,59.82
0,59.42,59.2,59.06,58.92,59,59.14,59.34,59.56,59.82,59.86
0,59.2,59.06,58.92,59,59.14,59.34,59.56,59.82,59.86,59.86
0,59.06,58.92,59,59.14,59.34,59.56,59.82,59.86,59.86,59.76
0,58.92,59,59.14,59.34,59.56,59.82,59.86,59.86,59.76,59.84
0,59,59.14,59.34,59.56,59.82,59.86,59.86,59.76,59.84,60
0,59.14,59.34,59.56,59.82,59.86,59.86,59.76,59.84,60,60.38
0,59.34,59.56,59.82,59.86,59.86,59.76,59.84,60,60.38,60.58
0,59.56,59.82,59.86,59.86,59.76,59.84,60,60.38,60.58,60.96
0,59.82,59.86,59.86,59.76,59.84,60,60.38,60.58,60.96,61.18
0,59.86,59.86,59.76,59.84,60,60.38,60.58,60.96,61.18,61.34
0,59.86,59.76,59.84,60,60.38,60.58,60.96,61.18,61.34,61.1
0,59.76,59.84,60,60.38,60.58,60.96,61.18,61.34,61.1,61.02
0,59.84,60,60.38,60.58,60.96,61.18,61.34,61.1,61.02,60.92
0,60,60.38,60.58,60.96,61.18,61.34,61.1,61.02,60.92,60.72
0,60.38,60.58,60.96,61.18,61.34,61.1,61.02,60.92,60.72,60.66
0,60.58,60.96,61.18,61.34,61.1,61.02,60.92,60.72,60.66,61.06
0,60.96,61.18,61.34,61.1,61.02,60.92,60.72,60.66,61.06,61.44
0,61.18,61.34,61.1,61.02,60.92,60.72,60.66,61.06,61.44,61.68
0,61.34,61.1,61.02,60.92,60.72,60.66,61.06,61.44,61.68,61.7
0,61.1,61.02,60.92,60.72,60.66,61.06,61.44,61.68,61.7,61.76
0,61.02,60.92,60.72,60.66,61.06,61.44,61.68,61.7,61.76,61.62
0,60.92,60.72,60.66,61.06,61.44,61.68,61.7,61.76,61.62,61.58
0,60.72,60.66,61.06,61.44,61.68,61.7,61.76,61.62,61.58,61.5
0,61.44,61.68,61.7,61.76,61.62,61.58,61.5,61.48,61.32,61.42
0,61.68,61.7,61.76,61.62,61.58,61.5,61.48,61.32,61.42,61.44
0,61.5,61.48,61.32,61.42,61.44,61.24,61.18,61.18,61.02,61
0,61.48,61.32,61.42,61.44,61.24,61.18,61.18,61.02,61,61.3
0,61.32,61.42,61.44,61.24,61.18,61.18,61.02,61,61.3,61.62
0,61.42,61.44,61.24,61.18,61.18,61.02,61,61.3,61.62,61.82
0,61.44,61.24,61.18,61.18,61.02,61,61.3,61.62,61.82,62.16
0,61.24,61.18,61.18,61.02,61,61.3,61.62,61.82,62.16,62.36
0,61.18,61.18,61.02,61,61.3,61.62,61.82,62.16,62.36,62.66
0,61.18,61.02,61,61.3,61.62,61.82,62.16,62.36,62.66,62.86
0,61.02,61,61.3,61.62,61.82,62.16,62.36,62.66,62.86,63.24
0,61,61.3,61.62,61.82,62.16,62.36,62.66,62.86,63.24,63.48
0,61.3,61.62,61.82,62.16,62.36,62.66,62.86,63.24,63.48,63.76
0,63.84,63.94,63.94,64.22,64.58,65.36,66.2,67.12,67.8,68.56
0,63.94,63.94,64.22,64.58,65.36,66.2,67.12,67.8,68.56,68.84
0,66.2,67.12,67.8,68.56,68.84,69.02,69.22,69.62,69.86,70.5
0,70.8,70.72,70.76,70.84,70.9,70.74,70.82,71.12,71.74,72.4
0,70.72,70.76,70.84,70.9,70.74,70.82,71.12,71.74,72.4,73.42
0,70.76,70.84,70.9,70.74,70.82,71.12,71.74,72.4,73.42,74.14
0,70.84,70.9,70.74,70.82,71.12,71.74,72.4,73.42,74.14,74.6
0,70.9,70.74,70.82,71.12,71.74,72.4,73.42,74.14,74.6,74.92
0,70.74,70.82,71.12,71.74,72.4,73.42,74.14,74.6,74.92,75.38
0,70.82,71.12,71.74,72.4,73.42,74.14,74.6,74.92,75.38,76
0,71.12,71.74,72.4,73.42,74.14,74.6,74.92,75.38,76,76.36
0,71.74,72.4,73.42,74.14,74.6,74.92,75.38,76,76.36,76.32
0,72.4,73.42,74.14,74.6,74.92,75.38,76,76.36,76.32,76.22
0,73.42,74.14,74.6,74.92,75.38,76,76.36,76.32,76.22,75.86
0,74.14,74.6,74.92,75.38,76,76.36,76.32,76.22,75.86,75.18
0,74.6,74.92,75.38,76,76.36,76.32,76.22,75.86,75.18,74.94
0,74.92,75.38,76,76.36,76.32,76.22,75.86,75.18,74.94,75.28
0,75.38,76,76.36,76.32,76.22,75.86,75.18,74.94,75.28,75.32
0,76,76.36,76.32,76.22,75.86,75.18,74.94,75.28,75.32,75.08
0,76.36,76.32,76.22,75.86,75.18,74.94,75.28,75.32,75.08,74.56
0,76.32,76.22,75.86,75.18,74.94,75.28,75.32,75.08,74.56,73.8
0,76.22,75.86,75.18,74.94,75.28,75.32,75.08,74.56,73.8,73.04
0,75.86,75.18,74.94,75.28,75.32,75.08,74.56,73.8,73.04,72.44
0,75.18,74.94,75.28,75.32,75.08,74.56,73.8,73.04,72.44,72.1
0,74.94,75.28,75.32,75.08,74.56,73.8,73.04,72.44,72.1,72.2
0,75.28,75.32,75.08,74.56,73.8,73.04,72.44,72.1,72.2,72.52
0,75.32,75.08,74.56,73.8,73.04,72.44,72.1,72.2,72.52,72.7
0,75.08,74.56,73.8,73.04,72.44,72.1,72.2,72.52,72.7,72.7
0,74.56,73.8,73.04,72.44,72.1,72.2,72.52,72.7,72.7,72.48
0,73.8,73.04,72.44,72.1,72.2,72.52,72.7,72.7,72.48,72.08
0,73.04,72.44,72.1,72.2,72.52,72.7,72.7,72.48,72.08,71.58
0,72.44,72.1,72.2,72.52,72.7,72.7,72.48,72.08,71.58,71.18
0,72.1,72.2,72.52,72.7,72.7,72.48,72.08,71.58,71.18,70.76
0,72.2,72.52,72.7,72.7,72.48,72.08,71.58,71.18,70.76,70.72
0,72.52,72.7,72.7,72.48,72.08,71.58,71.18,70.76,70.72,70.98
0,72.7,72.7,72.48,72.08,71.58,71.18,70.76,70.72,70.98,71.06
0,72.7,72.48,72.08,71.58,71.18,70.76,70.72,70.98,71.06,71.08
0,72.48,72.08,71.58,71.18,70.76,70.72,70.98,71.06,71.08,71.28
0,72.08,71.58,71.18,70.76,70.72,70.98,71.06,71.08,71.28,71.22
0,71.58,71.18,70.76,70.72,70.98,71.06,71.08,71.28,71.22,70.86
0,71.18,70.76,70.72,70.98,71.06,71.08,71.28,71.22,70.86,70.74
0,70.74,70.04,69.46,68.84,68.5,68.24,68.36,68.4,68.8,69.38
0,70.04,69.46,68.84,68.5,68.24,68.36,68.4,68.8,69.38,69.78
0,69.46,68.84,68.5,68.24,68.36,68.4,68.8,69.38,69.78,70.22
0,68.84,68.5,68.24,68.36,68.4,68.8,69.38,69.78,70.22,70.54
0,68.5,68.24,68.36,68.4,68.8,69.38,69.78,70.22,70.54,70.78
0,68.36,68.4,68.8,69.38,69.78,70.22,70.54,70.78,70.68,71.06
0,68.4,68.8,69.38,69.78,70.22,70.54,70.78,70.68,71.06,71.46
0,68.8,69.38,69.78,70.22,70.54,70.78,70.68,71.06,71.46,71.98
0,70.92,70.18,69.76,69.36,69.18,69.36,69.7,69.96,70.4,70.9
0,70.18,69.76,69.36,69.18,69.36,69.7,69.96,70.4,70.9,71.36
0,69.76,69.36,69.18,69.36,69.7,69.96,70.4,70.9,71.36,71.82
0,69.36,69.18,69.36,69.7,69.96,70.4,70.9,71.36,71.82,72.68
0,69.18,69.36,69.7,69.96,70.4,70.9,71.36,71.82,72.68,73.38
0,69.36,69.7,69.96,70.4,70.9,71.36,71.82,72.68,73.38,73.88
0,69.7,69.96,70.4,70.9,71.36,71.82,72.68,73.38,73.88,74.28
0,69.96,70.4,70.9,71.36,71.82,72.68,73.38,73.88,74.28,74.74
0,70.4,70.9,71.36,71.82,72.68,73.38,73.88,74.28,74.74,74.7
0,70.9,71.36,71.82,72.68,73.38,73.88,74.28,74.74,74.7,74.94
0,71.36,71.82,72.68,73.38,73.88,74.28,74.74,74.7,74.94,75.12
0,71.82,72.68,73.38,73.88,74.28,74.74,74.7,74.94,75.12,75.3
0,72.68,73.38,73.88,74.28,74.74,74.7,74.94,75.12,75.3,75.18
0,73.38,73.88,74.28,74.74,74.7,74.94,75.12,75.3,75.18,75.42
0,73.88,74.28,74.74,74.7,74.94,75.12,75.3,75.18,75.42,75.48
0,74.28,74.74,74.7,74.94,75.12,75.3,75.18,75.42,75.48,75.38
0,74.74,74.7,74.94,75.12,75.3,75.18,75.42,75.48,75.38,75.3
0,74.7,74.94,75.12,75.3,75.18,75.42,75.48,75.38,75.3,75.34
0,74.94,75.12,75.3,75.18,75.42,75.48,75.38,75.3,75.34,75.18
0,75.12,75.3,75.18,75.42,75.48,75.38,75.3,75.34,75.18,75.02
0,75.3,75.18,75.42,75.48,75.38,75.3,75.34,75.18,75.02,74.82
0,75.18,75.42,75.48,75.38,75.3,75.34,75.18,75.02,74.82,74.52
0,75.42,75.48,75.38,75.3,75.34,75.18,75.02,74.82,74.52,74.52
0,75.48,75.38,75.3,75.34,75.18,75.02,74.82,74.52,74.52,74.9
0,75.38,75.3,75.34,75.18,75.02,74.82,74.52,74.52,74.9,75.4
0,75.3,75.34,75.18,75.02,74.82,74.52,74.52,74.9,75.4,75.84
0,75.34,75.18,75.02,74.82,74.52,74.52,74.9,75.4,75.84,76.48
0,75.18,75.02,74.82,74.52,74.52,74.9,75.4,75.84,76.48,76.96
0,75.02,74.82,74.52,74.52,74.9,75.4,75.84,76.48,76.96,77.12
0,74.82,74.52,74.52,74.9,75.4,75.84,76.48,76.96,77.12,77.1
0,74.52,74.52,74.9,75.4,75.84,76.48,76.96,77.12,77.1,76.88
0,74.52,74.9,75.4,75.84,76.48,76.96,77.12,77.1,76.88,76.38
0,74.9,75.4,75.84,76.48,76.96,77.12,77.1,76.88,76.38,76.12
0,75.4,75.84,76.48,76.96,77.12,77.1,76.88,76.38,76.12,76.02
0,75.84,76.48,76.96,77.12,77.1,76.88,76.38,76.12,76.02,75.74
0,76.48,76.96,77.12,77.1,76.88,76.38,76.12,76.02,75.74,75.52
0,76.96,77.12,77.1,76.88,76.38,76.12,76.02,75.74,75.52,75.56
0,77.12,77.1,76.88,76.38,76.12,76.02,75.74,75.52,75.56,75.5
0,77.1,76.88,76.38,76.12,76.02,75.74,75.52,75.56,75.5,75.1
0,76.88,76.38,76.12,76.02,75.74,75.52,75.56,75.5,75.1,74.84
0,76.38,76.12,76.02,75.74,75.52,75.56,75.5,75.1,74.84,74.58
0,76.12,76.02,75.74,75.52,75.56,75.5,75.1,74.84,74.58,74
0,76.02,75.74,75.52,75.56,75.5,75.1,74.84,74.58,74,73.32
0,75.74,75.52,75.56,75.5,75.1,74.84,74.58,74,73.32,72.6
0,75.52,75.56,75.5,75.1,74.84,74.58,74,73.32,72.6,72.2
0,75.56,75.5,75.1,74.84,74.58,74,73.32,72.6,72.2,72.18
0,75.5,75.1,74.84,74.58,74,73.32,72.6,72.2,72.18,72.48
0,75.1,74.84,74.58,74,73.32,72.6,72.2,72.18,72.48,72.62
0,74.84,74.58,74,73.32,72.6,72.2,72.18,72.48,72.62,72.9
0,74.58,74,73.32,72.6,72.2,72.18,72.48,72.62,72.9,72.78
0,74,73.32,72.6,72.2,72.18,72.48,72.62,72.9,72.78,72.72
0,73.32,72.6,72.2,72.18,72.48,72.62,72.9,72.78,72.72,72.28
0,72.6,72.2,72.18,72.48,72.62,72.9,72.78,72.72,72.28,71.7
0,72.2,72.18,72.48,72.62,72.9,72.78,72.72,72.28,71.7,71.58
0,72.18,72.48,72.62,72.9,72.78,72.72,72.28,71.7,71.58,71.4
0,72.78,72.72,72.28,71.7,71.58,71.4,70.88,70.56,70.2,70.08
0,72.72,72.28,71.7,71.58,71.4,70.88,70.56,70.2,70.08,70.26
0,72.28,71.7,71.58,71.4,70.88,70.56,70.2,70.08,70.26,70.68
0,71.7,71.58,71.4,70.88,70.56,70.2,70.08,70.26,70.68,71.14
0,71.58,71.4,70.88,70.56,70.2,70.08,70.26,70.68,71.14,72.18
0,71.4,70.88,70.56,70.2,70.08,70.26,70.68,71.14,72.18,72.54
0,70.88,70.56,70.2,70.08,70.26,70.68,71.14,72.18,72.54,72.82
0,70.56,70.2,70.08,70.26,70.68,71.14,72.18,72.54,72.82,72.82
0,70.2,70.08,70.26,70.68,71.14,72.18,72.54,72.82,72.82,72.94
0,70.08,70.26,70.68,71.14,72.18,72.54,72.82,72.82,72.94,72.48
0,70.26,70.68,71.14,72.18,72.54,72.82,72.82,72.94,72.48,71.82
0,70.68,71.14,72.18,72.54,72.82,72.82,72.94,72.48,71.82,71.22
0,71.14,72.18,72.54,72.82,72.82,72.94,72.48,71.82,71.22,70.14
0,72.82,72.94,72.48,71.82,71.22,70.14,68.66,67.04,66.18,65.46
0,72.48,71.82,71.22,70.14,68.66,67.04,66.18,65.46,65.16,65.48
0,66.02,66.02,65.62,65.38,65.02,65.18,65.52,66.04,66.84,67.72
0,66.02,65.62,65.38,65.02,65.18,65.52,66.04,66.84,67.72,68.16
0,65.62,65.38,65.02,65.18,65.52,66.04,66.84,67.72,68.16,68.54
0,65.38,65.02,65.18,65.52,66.04,66.84,67.72,68.16,68.54,68.86
0,66.04,66.84,67.72,68.16,68.54,68.86,68.78,68.22,67.64,67.48
0,66.84,67.72,68.16,68.54,68.86,68.78,68.22,67.64,67.48,67.5
0,67.72,68.16,68.54,68.86,68.78,68.22,67.64,67.48,67.5,67.86
0,68.86,68.78,68.22,67.64,67.48,67.5,67.86,68.22,68.44,68.54
0,68.78,68.22,67.64,67.48,67.5,67.86,68.22,68.44,68.54,69.02
0,68.22,67.64,67.48,67.5,67.86,68.22,68.44,68.54,69.02,69.4
0,67.64,67.48,67.5,67.86,68.22,68.44,68.54,69.02,69.4,69.82
0,67.48,67.5,67.86,68.22,68.44,68.54,69.02,69.4,69.82,70.78
0,67.5,67.86,68.22,68.44,68.54,69.02,69.4,69.82,70.78,70.76
0,68.44,68.54,69.02,69.4,69.82,70.78,70.76,70.04,69.24,69.12
0,68.54,69.02,69.4,69.82,70.78,70.76,70.04,69.24,69.12,68.78
0,69.02,69.4,69.82,70.78,70.76,70.04,69.24,69.12,68.78,69.04
0,69.4,69.82,70.78,70.76,70.04,69.24,69.12,68.78,69.04,69.54
0,70.44,70.58,70.72,70.58,70.58,70.7,70.86,71.02,71.46,72.02
0,70.58,70.72,70.58,70.58,70.7,70.86,71.02,71.46,72.02,72.4
0,70.72,70.58,70.58,70.7,70.86,71.02,71.46,72.02,72.4,72.86
0,70.58,70.58,70.7,70.86,71.02,71.46,72.02,72.4,72.86,73.26
0,70.58,70.7,70.86,71.02,71.46,72.02,72.4,72.86,73.26,73.58
0,70.7,70.86,71.02,71.46,72.02,72.4,72.86,73.26,73.58,73.88
0,70.86,71.02,71.46,72.02,72.4,72.86,73.26,73.58,73.88,74.16
0,71.02,71.46,72.02,72.4,72.86,73.26,73.58,73.88,74.16,74.3
0,71.46,72.02,72.4,72.86,73.26,73.58,73.88,74.16,74.3,74.34
0,72.4,72.86,73.26,73.58,73.88,74.16,74.3,74.34,74.16,73.92
0,72.86,73.26,73.58,73.88,74.16,74.3,74.34,74.16,73.92,74.1
0,73.26,73.58,73.88,74.16,74.3,74.34,74.16,73.92,74.1,74.4
0,73.58,73.88,74.16,74.3,74.34,74.16,73.92,74.1,74.4,74.66
0,73.88,74.16,74.3,74.34,74.16,73.92,74.1,74.4,74.66,75.28
0,74.16,74.3,74.34,74.16,73.92,74.1,74.4,74.66,75.28,75.44
0,74.3,74.34,74.16,73.92,74.1,74.4,74.66,75.28,75.44,74.92
0,74.34,74.16,73.92,74.1,74.4,74.66,75.28,75.44,74.92,74.52
0,74.16,73.92,74.1,74.4,74.66,75.28,75.44,74.92,74.52,74.12
0,74.4,74.66,75.28,75.44,74.92,74.52,74.12,73.54,73.02,73.08
0,74.66,75.28,75.44,74.92,74.52,74.12,73.54,73.02,73.08,73
0,75.28,75.44,74.92,74.52,74.12,73.54,73.02,73.08,73,73.24
0,75.44,74.92,74.52,74.12,73.54,73.02,73.08,73,73.24,74
0,74.92,74.52,74.12,73.54,73.02,73.08,73,73.24,74,74.88
0,74.52,74.12,73.54,73.02,73.08,73,73.24,74,74.88,75.42
0,74.12,73.54,73.02,73.08,73,73.24,74,74.88,75.42,75.78
0,73.54,73.02,73.08,73,73.24,74,74.88,75.42,75.78,76.14
0,73.02,73.08,73,73.24,74,74.88,75.42,75.78,76.14,76.08
0,73.08,73,73.24,74,74.88,75.42,75.78,76.14,76.08,75.7
0,73,73.24,74,74.88,75.42,75.78,76.14,76.08,75.7,75.44
0,73.24,74,74.88,75.42,75.78,76.14,76.08,75.7,75.44,75.4
0,74,74.88,75.42,75.78,76.14,76.08,75.7,75.44,75.4,75.02
0,76.08,75.7,75.44,75.4,75.02,74.26,73.98,73.48,73,73.3
0,75.7,75.44,75.4,75.02,74.26,73.98,73.48,73,73.3,73.8
0,75.44,75.4,75.02,74.26,73.98,73.48,73,73.3,73.8,74.34
0,75.4,75.02,74.26,73.98,73.48,73,73.3,73.8,74.34,74.84
0,75.02,74.26,73.98,73.48,73,73.3,73.8,74.34,74.84,75.38
0,74.26,73.98,73.48,73,73.3,73.8,74.34,74.84,75.38,75.32
0,73.98,73.48,73,73.3,73.8,74.34,74.84,75.38,75.32,75.48
0,73.48,73,73.3,73.8,74.34,74.84,75.38,75.32,75.48,75.56
0,73,73.3,73.8,74.34,74.84,75.38,75.32,75.48,75.56,75.56
0,73.3,73.8,74.34,74.84,75.38,75.32,75.48,75.56,75.56,75.6
0,73.8,74.34,74.84,75.38,75.32,75.48,75.56,75.56,75.6,75.62
0,74.34,74.84,75.38,75.32,75.48,75.56,75.56,75.6,75.62,75.66
0,74.84,75.38,75.32,75.48,75.56,75.56,75.6,75.62,75.66,75.62
0,75.38,75.32,75.48,75.56,75.56,75.6,75.62,75.66,75.62,75.74
0,75.32,75.48,75.56,75.56,75.6,75.62,75.66,75.62,75.74,75.9
0,75.48,75.56,75.56,75.6,75.62,75.66,75.62,75.74,75.9,76.04
0,75.56,75.56,75.6,75.62,75.66,75.62,75.74,75.9,76.04,76.24
0,75.56,75.6,75.62,75.66,75.62,75.74,75.9,76.04,76.24,76.62
0,75.66,75.62,75.74,75.9,76.04,76.24,76.62,76.56,76.38,76.42
0,75.62,75.74,75.9,76.04,76.24,76.62,76.56,76.38,76.42,76.76
0,75.74,75.9,76.04,76.24,76.62,76.56,76.38,76.42,76.76,76.96
0,76.56,76.38,76.42,76.76,76.96,77.3,77.54,77.44,77,76.78
0,76.38,76.42,76.76,76.96,77.3,77.54,77.44,77,76.78,76.86
0,76.42,76.76,76.96,77.3,77.54,77.44,77,76.78,76.86,77
0,76.76,76.96,77.3,77.54,77.44,77,76.78,76.86,77,77.36
0,76.78,76.86,77,77.36,77.44,77.28,77.26,77.46,77.56,78.18
0,76.86,77,77.36,77.44,77.28,77.26,77.46,77.56,78.18,78.86
0,77,77.36,77.44,77.28,77.26,77.46,77.56,78.18,78.86,79.4
0,79.68,79.92,79.88,79.56,79.36,79.3,79.44,79.66,80.02,80.84
0,79.92,79.88,79.56,79.36,79.3,79.44,79.66,80.02,80.84,81.54
0,79.56,79.36,79.3,79.44,79.66,80.02,80.84,81.54,81.76,82.5
0,79.36,79.3,79.44,79.66,80.02,80.84,81.54,81.76,82.5,82.88
0,79.3,79.44,79.66,80.02,80.84,81.54,81.76,82.5,82.88,83.22
0,79.44,79.66,80.02,80.84,81.54,81.76,82.5,82.88,83.22,83.62
0,79.66,80.02,80.84,81.54,81.76,82.5,82.88,83.22,83.62,84.48
0,80.02,80.84,81.54,81.76,82.5,82.88,83.22,83.62,84.48,84.46
0,80.84,81.54,81.76,82.5,82.88,83.22,83.62,84.48,84.46,84.98
0,81.54,81.76,82.5,82.88,83.22,83.62,84.48,84.46,84.98,85.1
0,81.76,82.5,82.88,83.22,83.62,84.48,84.46,84.98,85.1,84.88
0,82.5,82.88,83.22,83.62,84.48,84.46,84.98,85.1,84.88,84.78
0,82.88,83.22,83.62,84.48,84.46,84.98,85.1,84.88,84.78,85.08
0,83.22,83.62,84.48,84.46,84.98,85.1,84.88,84.78,85.08,84.92
0,84.78,85.08,84.92,84.44,84.38,84,83.38,82.86,82.76,82.98
0,85.08,84.92,84.44,84.38,84,83.38,82.86,82.76,82.98,83.36
0,84.44,84.38,84,83.38,82.86,82.76,82.98,83.36,83.72,84.24
0,84.38,84,83.38,82.86,82.76,82.98,83.36,83.72,84.24,84.88
0,83.36,83.72,84.24,84.88,84.76,84.64,84.8,84.64,84.28,84.62
0,83.72,84.24,84.88,84.76,84.64,84.8,84.64,84.28,84.62,85.12
0,84.24,84.88,84.76,84.64,84.8,84.64,84.28,84.62,85.12,85.88
0,84.88,84.76,84.64,84.8,84.64,84.28,84.62,85.12,85.88,86.82
0,84.76,84.64,84.8,84.64,84.28,84.62,85.12,85.88,86.82,87.54
0,84.64,84.8,84.64,84.28,84.62,85.12,85.88,86.82,87.54,87.46
0,84.8,84.64,84.28,84.62,85.12,85.88,86.82,87.54,87.46,86.98
0,84.64,84.28,84.62,85.12,85.88,86.82,87.54,87.46,86.98,86.22
0,84.28,84.62,85.12,85.88,86.82,87.54,87.46,86.98,86.22,85.5
0,84.62,85.12,85.88,86.82,87.54,87.46,86.98,86.22,85.5,85.08
0,85.12,85.88,86.82,87.54,87.46,86.98,86.22,85.5,85.08,85.04
0,85.88,86.82,87.54,87.46,86.98,86.22,85.5,85.08,85.04,85.26
0,86.82,87.54,87.46,86.98,86.22,85.5,85.08,85.04,85.26,85.02
0,87.54,87.46,86.98,86.22,85.5,85.08,85.04,85.26,85.02,84.98
0,87.46,86.98,86.22,85.5,85.08,85.04,85.26,85.02,84.98,84.24
0,86.98,86.22,85.5,85.08,85.04,85.26,85.02,84.98,84.24,83.66
0,86.22,85.5,85.08,85.04,85.26,85.02,84.98,84.24,83.66,83
0,85.26,85.02,84.98,84.24,83.66,83,82.14,81.24,80.88,80.7
0,85.02,84.98,84.24,83.66,83,82.14,81.24,80.88,80.7,80.72
0,84.98,84.24,83.66,83,82.14,81.24,80.88,80.7,80.72,81.24
0,84.24,83.66,83,82.14,81.24,80.88,80.7,80.72,81.24,82.14
0,83.66,83,82.14,81.24,80.88,80.7,80.72,81.24,82.14,82.12
0,80.72,81.24,82.14,82.12,81.1,80.28,79.5,78.44,78.04,78.82
0,80.28,79.5,78.44,78.04,78.82,79.06,79.5,79.38,79.42,79.5
0,79.5,78.44,78.04,78.82,79.06,79.5,79.38,79.42,79.5,79.72
0,78.44,78.04,78.82,79.06,79.5,79.38,79.42,79.5,79.72,80.04
0,78.04,78.82,79.06,79.5,79.38,79.42,79.5,79.72,80.04,80.32
0,79.5,79.72,80.04,80.32,80.72,80.48,80.12,79.66,79.52,79.76
0,79.72,80.04,80.32,80.72,80.48,80.12,79.66,79.52,79.76,80.5
0,80.04,80.32,80.72,80.48,80.12,79.66,79.52,79.76,80.5,81.6
0,80.32,80.72,80.48,80.12,79.66,79.52,79.76,80.5,81.6,81.98
0,80.72,80.48,80.12,79.66,79.52,79.76,80.5,81.6,81.98,82.2
0,80.48,80.12,79.66,79.52,79.76,80.5,81.6,81.98,82.2,82.12
0,80.12,79.66,79.52,79.76,80.5,81.6,81.98,82.2,82.12,81.46
0,79.66,79.52,79.76,80.5,81.6,81.98,82.2,82.12,81.46,80.44
0,79.52,79.76,80.5,81.6,81.98,82.2,82.12,81.46,80.44,79.82
0,75.32,75.68,75.86,75.62,75.62,75.58,75.34,75.86,76.8,78.04
0,75.68,75.86,75.62,75.62,75.58,75.34,75.86,76.8,78.04,79.12
0,75.86,75.62,75.62,75.58,75.34,75.86,76.8,78.04,79.12,79.82
0,75.62,75.62,75.58,75.34,75.86,76.8,78.04,79.12,79.82,80.14
0,75.62,75.58,75.34,75.86,76.8,78.04,79.12,79.82,80.14,80.62
0,75.58,75.34,75.86,76.8,78.04,79.12,79.82,80.14,80.62,80.52
0,75.34,75.86,76.8,78.04,79.12,79.82,80.14,80.62,80.52,80.98
0,75.86,76.8,78.04,79.12,79.82,80.14,80.62,80.52,80.98,81.42
0,76.8,78.04,79.12,79.82,80.14,80.62,80.52,80.98,81.42,81.78
0,78.04,79.12,79.82,80.14,80.62,80.52,80.98,81.42,81.78,82.14
0,79.12,79.82,80.14,80.62,80.52,80.98,81.42,81.78,82.14,82.64
0,79.82,80.14,80.62,80.52,80.98,81.42,81.78,82.14,82.64,82.76
0,80.14,80.62,80.52,80.98,81.42,81.78,82.14,82.64,82.76,82.76
0,80.62,80.52,80.98,81.42,81.78,82.14,82.64,82.76,82.76,82.7
0,80.52,80.98,81.42,81.78,82.14,82.64,82.76,82.76,82.7,82.78
0,80.98,81.42,81.78,82.14,82.64,82.76,82.76,82.7,82.78,82.66
0,81.42,81.78,82.14,82.64,82.76,82.76,82.7,82.78,82.66,82.62
0,82.14,82.64,82.76,82.76,82.7,82.78,82.66,82.62,82.62,82.74
0,82.64,82.76,82.76,82.7,82.78,82.66,82.62,82.62,82.74,82.5
0,82.76,82.76,82.7,82.78,82.66,82.62,82.62,82.74,82.5,82.56
0,82.76,82.7,82.78,82.66,82.62,82.62,82.74,82.5,82.56,82.56
0,84.78,85.38,85.64,85.94,86,85.84,85.76,85.8,85.88,86.34
0,85.38,85.64,85.94,86,85.84,85.76,85.8,85.88,86.34,87.16
0,85.64,85.94,86,85.84,85.76,85.8,85.88,86.34,87.16,87.72
0,85.94,86,85.84,85.76,85.8,85.88,86.34,87.16,87.72,88.46
0,86,85.84,85.76,85.8,85.88,86.34,87.16,87.72,88.46,89.14
0,85.84,85.76,85.8,85.88,86.34,87.16,87.72,88.46,89.14,89.74
0,85.76,85.8,85.88,86.34,87.16,87.72,88.46,89.14,89.74,89.98
0,85.8,85.88,86.34,87.16,87.72,88.46,89.14,89.74,89.98,90.02
0,85.88,86.34,87.16,87.72,88.46,89.14,89.74,89.98,90.02,89.52
0,88.46,89.14,89.74,89.98,90.02,89.52,88.66,87.8,86.88,86.56
0,89.14,89.74,89.98,90.02,89.52,88.66,87.8,86.88,86.56,86.62
0,89.74,89.98,90.02,89.52,88.66,87.8,86.88,86.56,86.62,87.14
0,86.88,86.56,86.62,87.14,87.22,87.14,86.78,86.38,85.72,85.84
0,90.8,90.78,90.68,90.62,90.5,90.24,90.26,90.26,90.48,91.54
0,90.78,90.68,90.62,90.5,90.24,90.26,90.26,90.48,91.54,92.6
0,90.68,90.62,90.5,90.24,90.26,90.26,90.48,91.54,92.6,93.78
0,90.62,90.5,90.24,90.26,90.26,90.48,91.54,92.6,93.78,94.86
0,90.5,90.24,90.26,90.26,90.48,91.54,92.6,93.78,94.86,95.9
0,90.24,90.26,90.26,90.48,91.54,92.6,93.78,94.86,95.9,96.54
0,90.26,90.26,90.48,91.54,92.6,93.78,94.86,95.9,96.54,97.06
0,90.26,90.48,91.54,92.6,93.78,94.86,95.9,96.54,97.06,97.12
0,90.48,91.54,92.6,93.78,94.86,95.9,96.54,97.06,97.12,97.32
0,91.54,92.6,93.78,94.86,95.9,96.54,97.06,97.12,97.32,97.34
0,92.6,93.78,94.86,95.9,96.54,97.06,97.12,97.32,97.34,97.22
0,94.86,95.9,96.54,97.06,97.12,97.32,97.34,97.22,96.94,97.28
0,95.9,96.54,97.06,97.12,97.32,97.34,97.22,96.94,97.28,97.58
0,96.54,97.06,97.12,97.32,97.34,97.22,96.94,97.28,97.58,98.1
0,97.06,97.12,97.32,97.34,97.22,96.94,97.28,97.58,98.1,98.16
0,97.34,97.22,96.94,97.28,97.58,98.1,98.16,98.26,97.94,97.72
0,97.72,97.08,96.36,96.1,95.8,95.64,95.64,95.8,96.06,96.94
0,97.08,96.36,96.1,95.8,95.64,95.64,95.8,96.06,96.94,97.84
0,96.36,96.1,95.8,95.64,95.64,95.8,96.06,96.94,97.84,98.94
0,96.1,95.8,95.64,95.64,95.8,96.06,96.94,97.84,98.94,99.92
0,95.8,95.64,95.64,95.8,96.06,96.94,97.84,98.94,99.92,100.46
0,95.64,95.64,95.8,96.06,96.94,97.84,98.94,99.92,100.46,100.54
0,95.64,95.8,96.06,96.94,97.84,98.94,99.92,100.46,100.54,100.54
0,96.06,96.94,97.84,98.94,99.92,100.46,100.54,100.54,100.44,100.74
0,100.78,100.28,100.04,100.04,100.14,100.46,100.96,101.7,102.1,102.8
0,100.28,100.04,100.04,100.14,100.46,100.96,101.7,102.1,102.8,103.9
0,100.04,100.04,100.14,100.46,100.96,101.7,102.1,102.8,103.9,105
0,100.04,100.14,100.46,100.96,101.7,102.1,102.8,103.9,105,106.2
0,100.14,100.46,100.96,101.7,102.1,102.8,103.9,105,106.2,107
0,100.46,100.96,101.7,102.1,102.8,103.9,105,106.2,107,107.1
0,100.96,101.7,102.1,102.8,103.9,105,106.2,107,107.1,107.1
0,101.7,102.1,102.8,103.9,105,106.2,107,107.1,107.1,106.7
0,102.1,102.8,103.9,105,106.2,107,107.1,107.1,106.7,105.6
0,102.8,103.9,105,106.2,107,107.1,107.1,106.7,105.6,105.1
0,103.9,105,106.2,107,107.1,107.1,106.7,105.6,105.1,105
0,105,106.2,107,107.1,107.1,106.7,105.6,105.1,105,104
0,106.2,107,107.1,107.1,106.7,105.6,105.1,105,104,103.8
0,107,107.1,107.1,106.7,105.6,105.1,105,104,103.8,103.9
0,107.1,107.1,106.7,105.6,105.1,105,104,103.8,103.9,103.6
0,107.1,106.7,105.6,105.1,105,104,103.8,103.9,103.6,103.3
0,106.7,105.6,105.1,105,104,103.8,103.9,103.6,103.3,103.3
0,105.6,105.1,105,104,103.8,103.9,103.6,103.3,103.3,103
0,105.1,105,104,103.8,103.9,103.6,103.3,103.3,103,103.1
0,105,104,103.8,103.9,103.6,103.3,103.3,103,103.1,103.3
0,104,103.8,103.9,103.6,103.3,103.3,103,103.1,103.3,103.2
0,103.8,103.9,103.6,103.3,103.3,103,103.1,103.3,103.2,102.9
0,103.9,103.6,103.3,103.3,103,103.1,103.3,103.2,102.9,102.4
0,103.6,103.3,103.3,103,103.1,103.3,103.2,102.9,102.4,101.26
0,100.06,101.26,103.08,104.18,105.38,106.8,107.2,107.1,107.8,108.7
0,101.26,103.08,104.18,105.38,106.8,107.2,107.1,107.8,108.7,109.3
0,103.08,104.18,105.38,106.8,107.2,107.1,107.8,108.7,109.3,109.9
0,104.18,105.38,106.8,107.2,107.1,107.8,108.7,109.3,109.9,110.8
0,105.38,106.8,107.2,107.1,107.8,108.7,109.3,109.9,110.8,111.8
0,106.8,107.2,107.1,107.8,108.7,109.3,109.9,110.8,111.8,112.7
0,107.2,107.1,107.8,108.7,109.3,109.9,110.8,111.8,112.7,113.6
0,107.1,107.8,108.7,109.3,109.9,110.8,111.8,112.7,113.6,114.2
0,107.8,108.7,109.3,109.9,110.8,111.8,112.7,113.6,114.2,114.8
0,108.7,109.3,109.9,110.8,111.8,112.7,113.6,114.2,114.8,114.9
0,109.3,109.9,110.8,111.8,112.7,113.6,114.2,114.8,114.9,114.6
0,109.9,110.8,111.8,112.7,113.6,114.2,114.8,114.9,114.6,114.4
0,110.8,111.8,112.7,113.6,114.2,114.8,114.9,114.6,114.4,114.3
0,111.8,112.7,113.6,114.2,114.8,114.9,114.6,114.4,114.3,113.7
0,112.7,113.6,114.2,114.8,114.9,114.6,114.4,114.3,113.7,113.1
0,113.6,114.2,114.8,114.9,114.6,114.4,114.3,113.7,113.1,112
0,114.2,114.8,114.9,114.6,114.4,114.3,113.7,113.1,112,111.2
0,114.8,114.9,114.6,114.4,114.3,113.7,113.1,112,111.2,110.8
0,114.9,114.6,114.4,114.3,113.7,113.1,112,111.2,110.8,110.2
0,114.6,114.4,114.3,113.7,113.1,112,111.2,110.8,110.2,110
0,114.4,114.3,113.7,113.1,112,111.2,110.8,110.2,110,110.4
0,114.3,113.7,113.1,112,111.2,110.8,110.2,110,110.4,110.4
0,113.7,113.1,112,111.2,110.8,110.2,110,110.4,110.4,109.5
0,113.1,112,111.2,110.8,110.2,110,110.4,110.4,109.5,109.4
0,112,111.2,110.8,110.2,110,110.4,110.4,109.5,109.4,109.1
0,111.2,110.8,110.2,110,110.4,110.4,109.5,109.4,109.1,108.6
0,110.8,110.2,110,110.4,110.4,109.5,109.4,109.1,108.6,108.4
0,110.2,110,110.4,110.4,109.5,109.4,109.1,108.6,108.4,108.6
0,110,110.4,110.4,109.5,109.4,109.1,108.6,108.4,108.6,108.4
0,110.4,109.5,109.4,109.1,108.6,108.4,108.6,108.4,107.4,107.1
0,109.5,109.4,109.1,108.6,108.4,108.6,108.4,107.4,107.1,106.6
0,109.4,109.1,108.6,108.4,108.6,108.4,107.4,107.1,106.6,106.2
0,106.6,106.2,105.7,105.6,105.1,104.1,103,102.2,102.3,103.8
0,106.2,105.7,105.6,105.1,104.1,103,102.2,102.3,103.8,105.2
0,105.7,105.6,105.1,104.1,103,102.2,102.3,103.8,105.2,107
0,105.6,105.1,104.1,103,102.2,102.3,103.8,105.2,107,108.1
0,105.1,104.1,103,102.2,102.3,103.8,105.2,107,108.1,108.6
0,104.1,103,102.2,102.3,103.8,105.2,107,108.1,108.6,108.2
0,103,102.2,102.3,103.8,105.2,107,108.1,108.6,108.2,107.6
0,102.2,102.3,103.8,105.2,107,108.1,108.6,108.2,107.6,106.8
0,102.3,103.8,105.2,107,108.1,108.6,108.2,107.6,106.8,106.6
0,103.8,105.2,107,108.1,108.6,108.2,107.6,106.8,106.6,107.1
0,105.2,107,108.1,108.6,108.2,107.6,106.8,106.6,107.1,107.3
0,107,108.1,108.6,108.2,107.6,106.8,106.6,107.1,107.3,108.2
0,108.1,108.6,108.2,107.6,106.8,106.6,107.1,107.3,108.2,108.6
0,108.6,108.2,107.6,106.8,106.6,107.1,107.3,108.2,108.6,109.2
0,108.2,107.6,106.8,106.6,107.1,107.3,108.2,108.6,109.2,108.4
0,107.6,106.8,106.6,107.1,107.3,108.2,108.6,109.2,108.4,106.04
0,106.6,107.1,107.3,108.2,108.6,109.2,108.4,106.04,103.54,101.94
0,107.1,107.3,108.2,108.6,109.2,108.4,106.04,103.54,101.94,100.54
0,107.3,108.2,108.6,109.2,108.4,106.04,103.54,101.94,100.54,99.94
0,108.2,108.6,109.2,108.4,106.04,103.54,101.94,100.54,99.94,100.8
0,108.6,109.2,108.4,106.04,103.54,101.94,100.54,99.94,100.8,101.4
0,109.2,108.4,106.04,103.54,101.94,100.54,99.94,100.8,101.4,101.8
0,108.4,106.04,103.54,101.94,100.54,99.94,100.8,101.4,101.8,101.9
0,106.04,103.54,101.94,100.54,99.94,100.8,101.4,101.8,101.9,101.5
0,103.54,101.94,100.54,99.94,100.8,101.4,101.8,101.9,101.5,101.1
0,101.94,100.54,99.94,100.8,101.4,101.8,101.9,101.5,101.1,101.2
0,100.54,99.94,100.8,101.4,101.8,101.9,101.5,101.1,101.2,100.56
0,96.5,96.4,95.84,95.38,95.58,95.64,95.66,96.14,96.98,97.68
0,96.4,95.84,95.38,95.58,95.64,95.66,96.14,96.98,97.68,98.72
0,95.84,95.38,95.58,95.64,95.66,96.14,96.98,97.68,98.72,100
0,95.38,95.58,95.64,95.66,96.14,96.98,97.68,98.72,100,100.74
0,95.58,95.64,95.66,96.14,96.98,97.68,98.72,100,100.74,101.3
0,95.64,95.66,96.14,96.98,97.68,98.72,100,100.74,101.3,101.6
0,95.66,96.14,96.98,97.68,98.72,100,100.74,101.3,101.6,101.8
0,96.14,96.98,97.68,98.72,100,100.74,101.3,101.6,101.8,102.3
0,96.98,97.68,98.72,100,100.74,101.3,101.6,101.8,102.3,103.1
0,97.68,98.72,100,100.74,101.3,101.6,101.8,102.3,103.1,103.5
0,98.72,100,100.74,101.3,101.6,101.8,102.3,103.1,103.5,103.6
0,100,100.74,101.3,101.6,101.8,102.3,103.1,103.5,103.6,103.5
0,100.74,101.3,101.6,101.8,102.3,103.1,103.5,103.6,103.5,103.7
0,101.3,101.6,101.8,102.3,103.1,103.5,103.6,103.5,103.7,103.9
0,101.8,102.3,103.1,103.5,103.6,103.5,103.7,103.9,103.8,104.4
0,103.6,102.6,101.9,101.9,102.6,102.8,103.3,104,104.4,104.7
0,101.9,101.9,102.6,102.8,103.3,104,104.4,104.7,104.9,105.7
0,102.6,102.8,103.3,104,104.4,104.7,104.9,105.7,105.9,106.3
0,102.8,103.3,104,104.4,104.7,104.9,105.7,105.9,106.3,107
0,103.3,104,104.4,104.7,104.9,105.7,105.9,106.3,107,108
0,104,104.4,104.7,104.9,105.7,105.9,106.3,107,108,108.9
0,104.4,104.7,104.9,105.7,105.9,106.3,107,108,108.9,109.9
0,104.7,104.9,105.7,105.9,106.3,107,108,108.9,109.9,110.5
0,104.9,105.7,105.9,106.3,107,108,108.9,109.9,110.5,109.9
0,105.7,105.9,106.3,107,108,108.9,109.9,110.5,109.9,109.8
0,105.9,106.3,107,108,108.9,109.9,110.5,109.9,109.8,109.4
0,106.3,107,108,108.9,109.9,110.5,109.9,109.8,109.4,109.2
0,107,108,108.9,109.9,110.5,109.9,109.8,109.4,109.2,109.1
0,108,108.9,109.9,110.5,109.9,109.8,109.4,109.2,109.1,109.6
0,108.9,109.9,110.5,109.9,109.8,109.4,109.2,109.1,109.6,109.5
0,109.9,110.5,109.9,109.8,109.4,109.2,109.1,109.6,109.5,108.9
0,110.5,109.9,109.8,109.4,109.2,109.1,109.6,109.5,108.9,108.3
0,109.9,109.8,109.4,109.2,109.1,109.6,109.5,108.9,108.3,107.8
0,109.8,109.4,109.2,109.1,109.6,109.5,108.9,108.3,107.8,107.1
0,109.4,109.2,109.1,109.6,109.5,108.9,108.3,107.8,107.1,106.2
0,109.2,109.1,109.6,109.5,108.9,108.3,107.8,107.1,106.2,105.9
0,109.1,109.6,109.5,108.9,108.3,107.8,107.1,106.2,105.9,105.1
0,109.6,109.5,108.9,108.3,107.8,107.1,106.2,105.9,105.1,104.4
0,109.5,108.9,108.3,107.8,107.1,106.2,105.9,105.1,104.4,104
0,108.9,108.3,107.8,107.1,106.2,105.9,105.1,104.4,104,103.9
0,108.3,107.8,107.1,106.2,105.9,105.1,104.4,104,103.9,103.9
0,107.8,107.1,106.2,105.9,105.1,104.4,104,103.9,103.9,103.9
0,107.1,106.2,105.9,105.1,104.4,104,103.9,103.9,103.9,103.4
0,106.2,105.9,105.1,104.4,104,103.9,103.9,103.9,103.4,102.6
0,105.9,105.1,104.4,104,103.9,103.9,103.9,103.4,102.6,102
0,105.1,104.4,104,103.9,103.9,103.9,103.4,102.6,102,101.7
0,104.4,104,103.9,103.9,103.9,103.4,102.6,102,101.7,102.1
0,104,103.9,103.9,103.9,103.4,102.6,102,101.7,102.1,102.9
0,103.9,103.9,103.9,103.4,102.6,102,101.7,102.1,102.9,103.9
0,103.9,103.9,103.4,102.6,102,101.7,102.1,102.9,103.9,104.6
0,103.9,103.4,102.6,102,101.7,102.1,102.9,103.9,104.6,104.7
0,103.4,102.6,102,101.7,102.1,102.9,103.9,104.6,104.7,104.7
0,102.6,102,101.7,102.1,102.9,103.9,104.6,104.7,104.7,104.5
0,102,101.7,102.1,102.9,103.9,104.6,104.7,104.7,104.5,104.1
0,101.7,102.1,102.9,103.9,104.6,104.7,104.7,104.5,104.1,104.2
0,102.1,102.9,103.9,104.6,104.7,104.7,104.5,104.1,104.2,104.2
0,102.9,103.9,104.6,104.7,104.7,104.5,104.1,104.2,104.2,104.2
0,103.9,104.6,104.7,104.7,104.5,104.1,104.2,104.2,104.2,104
0,104.6,104.7,104.7,104.5,104.1,104.2,104.2,104.2,104,103.9
0,104.7,104.7,104.5,104.1,104.2,104.2,104.2,104,103.9,103.3
0,104.7,104.5,104.1,104.2,104.2,104.2,104,103.9,103.3,103.2
0,104.5,104.1,104.2,104.2,104.2,104,103.9,103.3,103.2,102.4
0,104.1,104.2,104.2,104.2,104,103.9,103.3,103.2,102.4,102.3
0,104.2,104.2,104,103.9,103.3,103.2,102.4,102.3,102.2,102.6
0,104.2,104,103.9,103.3,103.2,102.4,102.3,102.2,102.6,102.5
0,104,103.9,103.3,103.2,102.4,102.3,102.2,102.6,102.5,102.9
0,103.9,103.3,103.2,102.4,102.3,102.2,102.6,102.5,102.9,103.2
0,103.3,103.2,102.4,102.3,102.2,102.6,102.5,102.9,103.2,103.7
0,103.2,102.4,102.3,102.2,102.6,102.5,102.9,103.2,103.7,104.1
0,102.4,102.3,102.2,102.6,102.5,102.9,103.2,103.7,104.1,104.6
0,102.3,102.2,102.6,102.5,102.9,103.2,103.7,104.1,104.6,104.9
0,102.9,103.2,103.7,104.1,104.6,104.9,104.6,104.2,103.4,103.1
0,104.6,104.9,104.6,104.2,103.4,103.1,102.4,102.3,102.4,102.7
0,104.9,104.6,104.2,103.4,103.1,102.4,102.3,102.4,102.7,102.9
0,104.6,104.2,103.4,103.1,102.4,102.3,102.4,102.7,102.9,104.1
0,104.2,103.4,103.1,102.4,102.3,102.4,102.7,102.9,104.1,105.2
0,103.4,103.1,102.4,102.3,102.4,102.7,102.9,104.1,105.2,106.1
0,103.1,102.4,102.3,102.4,102.7,102.9,104.1,105.2,106.1,106.7
0,102.4,102.3,102.4,102.7,102.9,104.1,105.2,106.1,106.7,107.2
0,102.3,102.4,102.7,102.9,104.1,105.2,106.1,106.7,107.2,107.3
0,102.4,102.7,102.9,104.1,105.2,106.1,106.7,107.2,107.3,107.4
0,102.7,102.9,104.1,105.2,106.1,106.7,107.2,107.3,107.4,106.9
0,107.7,107.4,107.4,107.3,107.6,107.7,107.8,108.2,109.3,110.6
0,107.6,107.7,107.8,108.2,109.3,110.6,111.6,112.9,113.5,114.2
0,107.7,107.8,108.2,109.3,110.6,111.6,112.9,113.5,114.2,114.3
0,114.5,114.6,114.9,114,113.5,113.2,113,113.2,114,115
0,114.6,114.9,114,113.5,113.2,113,113.2,114,115,116.2
0,114.9,114,113.5,113.2,113,113.2,114,115,116.2,117.4
0,114,113.5,113.2,113,113.2,114,115,116.2,117.4,118.3
0,113.5,113.2,113,113.2,114,115,116.2,117.4,118.3,118.8
0,113.2,113,113.2,114,115,116.2,117.4,118.3,118.8,118.8
0,113,113.2,114,115,116.2,117.4,118.3,118.8,118.8,118.9
0,113.2,114,115,116.2,117.4,118.3,118.8,118.8,118.9,118.8
0,114,115,116.2,117.4,118.3,118.8,118.8,118.9,118.8,118.7
0,115,116.2,117.4,118.3,118.8,118.8,118.9,118.8,118.7,119
0,116.2,117.4,118.3,118.8,118.8,118.9,118.8,118.7,119,119.6
0,117.4,118.3,118.8,118.8,118.9,118.8,118.7,119,119.6,120.3
0,118.3,118.8,118.8,118.9,118.8,118.7,119,119.6,120.3,120.7
0,118.8,118.8,118.9,118.8,118.7,119,119.6,120.3,120.7,120.8
0,118.8,118.9,118.8,118.7,119,119.6,120.3,120.7,120.8,121.4
0,118.9,118.8,118.7,119,119.6,120.3,120.7,120.8,121.4,121.6
0,118.8,118.7,119,119.6,120.3,120.7,120.8,121.4,121.6,121.4
0,118.7,119,119.6,120.3,120.7,120.8,121.4,121.6,121.4,121.4
0,119,119.6,120.3,120.7,120.8,121.4,121.6,121.4,121.4,121.6
0,119.6,120.3,120.7,120.8,121.4,121.6,121.4,121.4,121.6,120.7
0,120.3,120.7,120.8,121.4,121.6,121.4,121.4,121.6,120.7,120.2
0,120.7,120.8,121.4,121.6,121.4,121.4,121.6,120.7,120.2,120
0,120.8,121.4,121.6,121.4,121.4,121.6,120.7,120.2,120,119.5
0,121.4,121.6,120.7,120.2,120,119.5,118.9,118.6,118.4,118
0,121.6,120.7,120.2,120,119.5,118.9,118.6,118.4,118,118.2
0,120.7,120.2,120,119.5,118.9,118.6,118.4,118,118.2,118.6
0,120.2,120,119.5,118.9,118.6,118.4,118,118.2,118.6,118.9
0,120,119.5,118.9,118.6,118.4,118,118.2,118.6,118.9,119.4
0,119.5,118.9,118.6,118.4,118,118.2,118.6,118.9,119.4,120.1
0,118.9,118.6,118.4,118,118.2,118.6,118.9,119.4,120.1,120.6
0,118.6,118.4,118,118.2,118.6,118.9,119.4,120.1,120.6,121
0,118.4,118,118.2,118.6,118.9,119.4,120.1,120.6,121,121.5
0,118,118.2,118.6,118.9,119.4,120.1,120.6,121,121.5,121.6
0,118.2,118.6,118.9,119.4,120.1,120.6,121,121.5,121.6,121.3
0,118.6,118.9,119.4,120.1,120.6,121,121.5,121.6,121.3,121.3
0,118.9,119.4,120.1,120.6,121,121.5,121.6,121.3,121.3,121.3
0,119.4,120.1,120.6,121,121.5,121.6,121.3,121.3,121.3,121.7
0,120.1,120.6,121,121.5,121.6,121.3,121.3,121.3,121.7,122.2
0,120.6,121,121.5,121.6,121.3,121.3,121.3,121.7,122.2,122.9
0,121,121.5,121.6,121.3,121.3,121.3,121.7,122.2,122.9,122.9
0,121.6,121.3,121.3,121.3,121.7,122.2,122.9,122.9,122.4,122.3
0,121.3,121.3,121.3,121.7,122.2,122.9,122.9,122.4,122.3,122.3
0,124.7,125,124.8,124.4,124,123.7,123.9,124.6,125.6,127.4
0,125,124.8,124.4,124,123.7,123.9,124.6,125.6,127.4,129.4
0,124.8,124.4,124,123.7,123.9,124.6,125.6,127.4,129.4,131.3
0,124.4,124,123.7,123.9,124.6,125.6,127.4,129.4,131.3,133.2
0,124,123.7,123.9,124.6,125.6,127.4,129.4,131.3,133.2,134.5
0,123.7,123.9,124.6,125.6,127.4,129.4,131.3,133.2,134.5,134.8
0,123.9,124.6,125.6,127.4,129.4,131.3,133.2,134.5,134.8,134.8
0,124.6,125.6,127.4,129.4,131.3,133.2,134.5,134.8,134.8,135.1
0,125.6,127.4,129.4,131.3,133.2,134.5,134.8,134.8,135.1,134.4
0,127.4,129.4,131.3,133.2,134.5,134.8,134.8,135.1,134.4,134.1
0,129.4,131.3,133.2,134.5,134.8,134.8,135.1,134.4,134.1,133.4
0,131.3,133.2,134.5,134.8,134.8,135.1,134.4,134.1,133.4,131.4
0,133.2,134.5,134.8,134.8,135.1,134.4,134.1,133.4,131.4,128.8
0,134.5,134.8,134.8,135.1,134.4,134.1,133.4,131.4,128.8,127
0,134.8,134.8,135.1,134.4,134.1,133.4,131.4,128.8,127,125.3
0,134.8,135.1,134.4,134.1,133.4,131.4,128.8,127,125.3,124.2
0,135.1,134.4,134.1,133.4,131.4,128.8,127,125.3,124.2,123.9
0,134.4,134.1,133.4,131.4,128.8,127,125.3,124.2,123.9,123.5
0,134.1,133.4,131.4,128.8,127,125.3,124.2,123.9,123.5,123.6
0,133.4,131.4,128.8,127,125.3,124.2,123.9,123.5,123.6,123.6
0,131.4,128.8,127,125.3,124.2,123.9,123.5,123.6,123.6,122.8
0,128.8,127,125.3,124.2,123.9,123.5,123.6,123.6,122.8,122.2
0,127,125.3,124.2,123.9,123.5,123.6,123.6,122.8,122.2,122.6
0,122.8,122.2,122.6,121.7,120.9,121,121.1,120.5,120.9,121.3
0,122.2,122.6,121.7,120.9,121,121.1,120.5,120.9,121.3,121.8
0,122.6,121.7,120.9,121,121.1,120.5,120.9,121.3,121.8,122.5
0,121.7,120.9,121,121.1,120.5,120.9,121.3,121.8,122.5,123
0,120.9,121,121.1,120.5,120.9,121.3,121.8,122.5,123,123.5
0,121,121.1,120.5,120.9,121.3,121.8,122.5,123,123.5,124.1
0,121.1,120.5,120.9,121.3,121.8,122.5,123,123.5,124.1,124.2
0,120.5,120.9,121.3,121.8,122.5,123,123.5,124.1,124.2,124.5
0,120.9,121.3,121.8,122.5,123,123.5,124.1,124.2,124.5,124.9
0,121.3,121.8,122.5,123,123.5,124.1,124.2,124.5,124.9,125
0,121.8,122.5,123,123.5,124.1,124.2,124.5,124.9,125,125
0,122.5,123,123.5,124.1,124.2,124.5,124.9,125,125,125.1
0,123,123.5,124.1,124.2,124.5,124.9,125,125,125.1,124.8
0,123.5,124.1,124.2,124.5,124.9,125,125,125.1,124.8,125.5
0,124.1,124.2,124.5,124.9,125,125,125.1,124.8,125.5,125.8
0,124.2,124.5,124.9,125,125,125.1,124.8,125.5,125.8,126.3
0,124.5,124.9,125,125,125.1,124.8,125.5,125.8,126.3,126.8
0,124.9,125,125,125.1,124.8,125.5,125.8,126.3,126.8,127.4
0,125,125,125.1,124.8,125.5,125.8,126.3,126.8,127.4,127.1
0,125,125.1,124.8,125.5,125.8,126.3,126.8,127.4,127.1,126.9
0,125.1,124.8,125.5,125.8,126.3,126.8,127.4,127.1,126.9,126.3
0,124.8,125.5,125.8,126.3,126.8,127.4,127.1,126.9,126.3,125.4
0,125.5,125.8,126.3,126.8,127.4,127.1,126.9,126.3,125.4,124.7
0,125.8,126.3,126.8,127.4,127.1,126.9,126.3,125.4,124.7,123.8
0,126.3,126.8,127.4,127.1,126.9,126.3,125.4,124.7,123.8,123.7
0,126.8,127.4,127.1,126.9,126.3,125.4,124.7,123.8,123.7,123.7
0,127.4,127.1,126.9,126.3,125.4,124.7,123.8,123.7,123.7,124.1
0,127.1,126.9,126.3,125.4,124.7,123.8,123.7,123.7,124.1,123.8
0,126.9,126.3,125.4,124.7,123.8,123.7,123.7,124.1,123.8,123.8
0,126.3,125.4,124.7,123.8,123.7,123.7,124.1,123.8,123.8,123.5
0,123.8,123.8,123.5,122.9,122.1,121.8,121.3,121,120.8,121.5
0,123.8,123.5,122.9,122.1,121.8,121.3,121,120.8,121.5,122.6
0,123.8,124.6,123.8,122.8,122.1,121.9,121.6,122.7,123.5,125
0,129.4,130.2,130.8,131.5,131.6,132.3,132.7,132.7,133.1,133.9
0,131.5,131.6,132.3,132.7,132.7,133.1,133.9,133.6,133.1,133.9
0,131.6,132.3,132.7,132.7,133.1,133.9,133.6,133.1,133.9,134.9
0,132.3,132.7,132.7,133.1,133.9,133.6,133.1,133.9,134.9,135.6
0,132.7,132.7,133.1,133.9,133.6,133.1,133.9,134.9,135.6,136.7
0,132.7,133.1,133.9,133.6,133.1,133.9,134.9,135.6,136.7,138.2
0,133.1,133.9,133.6,133.1,133.9,134.9,135.6,136.7,138.2,138.8
0,133.9,133.6,133.1,133.9,134.9,135.6,136.7,138.2,138.8,139
0,133.6,133.1,133.9,134.9,135.6,136.7,138.2,138.8,139,139.6
0,133.1,133.9,134.9,135.6,136.7,138.2,138.8,139,139.6,139.9
0,133.9,134.9,135.6,136.7,138.2,138.8,139,139.6,139.9,139.6
0,134.9,135.6,136.7,138.2,138.8,139,139.6,139.9,139.6,139.4
0,135.6,136.7,138.2,138.8,139,139.6,139.9,139.6,139.4,139.2
0,136.7,138.2,138.8,139,139.6,139.9,139.6,139.4,139.2,138.4
0,138.2,138.8,139,139.6,139.9,139.6,139.4,139.2,138.4,138
0,138.8,139,139.6,139.9,139.6,139.4,139.2,138.4,138,138.1
0,139,139.6,139.9,139.6,139.4,139.2,138.4,138,138.1,137.7
0,139.6,139.9,139.6,139.4,139.2,138.4,138,138.1,137.7,136.8
0,139.9,139.6,139.4,139.2,138.4,138,138.1,137.7,136.8,136.3
0,139.6,139.4,139.2,138.4,138,138.1,137.7,136.8,136.3,135.9
0,138,138.1,137.7,136.8,136.3,135.9,134.9,133.8,133.2,133.8
0,138.1,137.7,136.8,136.3,135.9,134.9,133.8,133.2,133.8,134.3
0,137.7,136.8,136.3,135.9,134.9,133.8,133.2,133.8,134.3,135.2
0,136.8,136.3,135.9,134.9,133.8,133.2,133.8,134.3,135.2,136.7
0,136.3,135.9,134.9,133.8,133.2,133.8,134.3,135.2,136.7,137.9
0,135.9,134.9,133.8,133.2,133.8,134.3,135.2,136.7,137.9,138.1
0,134.9,133.8,133.2,133.8,134.3,135.2,136.7,137.9,138.1,138.1
0,133.8,133.2,133.8,134.3,135.2,136.7,137.9,138.1,138.1,138.8
0,133.2,133.8,134.3,135.2,136.7,137.9,138.1,138.1,138.8,139.2
0,133.8,134.3,135.2,136.7,137.9,138.1,138.1,138.8,139.2,139.9
0,145.4,144.6,144.1,143.6,143.5,143.9,144.3,144.2,143.8,144.2
0,144.6,144.1,143.6,143.5,143.9,144.3,144.2,143.8,144.2,144.8
0,144.1,143.6,143.5,143.9,144.3,144.2,143.8,144.2,144.8,145.9
0,143.6,143.5,143.9,144.3,144.2,143.8,144.2,144.8,145.9,147.7
0,143.5,143.9,144.3,144.2,143.8,144.2,144.8,145.9,147.7,150.1
0,143.9,144.3,144.2,143.8,144.2,144.8,145.9,147.7,150.1,150.6
0,144.3,144.2,143.8,144.2,144.8,145.9,147.7,150.1,150.6,150.7
0,144.2,143.8,144.2,144.8,145.9,147.7,150.1,150.6,150.7,151.1
0,143.8,144.2,144.8,145.9,147.7,150.1,150.6,150.7,151.1,151
0,144.2,144.8,145.9,147.7,150.1,150.6,150.7,151.1,151,150.1
0,144.8,145.9,147.7,150.1,150.6,150.7,151.1,151,150.1,149.8
0,150.6,150.7,151.1,151,150.1,149.8,149.1,147.8,146.9,146.5
0,150.7,151.1,151,150.1,149.8,149.1,147.8,146.9,146.5,146.5
0,151,150.1,149.8,149.1,147.8,146.9,146.5,146.5,146.6,147.6
0,150.1,149.8,149.1,147.8,146.9,146.5,146.5,146.6,147.6,149.1
0,149.8,149.1,147.8,146.9,146.5,146.5,146.6,147.6,149.1,150.3
0,149.1,147.8,146.9,146.5,146.5,146.6,147.6,149.1,150.3,151.3
0,147.8,146.9,146.5,146.5,146.6,147.6,149.1,150.3,151.3,152.8
0,146.9,146.5,146.5,146.6,147.6,149.1,150.3,151.3,152.8,153.3
0,146.5,146.5,146.6,147.6,149.1,150.3,151.3,152.8,153.3,152.8
0,146.5,146.6,147.6,149.1,150.3,151.3,152.8,153.3,152.8,151.1
0,149.1,150.3,151.3,152.8,153.3,152.8,151.1,148.8,146.6,145.4
0,151.3,152.8,153.3,152.8,151.1,148.8,146.6,145.4,144,144.3
0,152.8,153.3,152.8,151.1,148.8,146.6,145.4,144,144.3,145
0,151.1,148.8,146.6,145.4,144,144.3,145,145.1,144.6,145.2
0,148.8,146.6,145.4,144,144.3,145,145.1,144.6,145.2,145.2
0,144,144.3,145,145.1,144.6,145.2,145.2,144.8,144.8,145.6
0,145.2,145.2,144.8,144.8,145.6,144.7,143.9,143.6,143.7,143.7
0,145.2,144.8,144.8,145.6,144.7,143.9,143.6,143.7,143.7,145.7
0,144.8,144.8,145.6,144.7,143.9,143.6,143.7,143.7,145.7,147.4
0,144.8,145.6,144.7,143.9,143.6,143.7,143.7,145.7,147.4,149.2
0,145.6,144.7,143.9,143.6,143.7,143.7,145.7,147.4,149.2,150.2
0,144.7,143.9,143.6,143.7,143.7,145.7,147.4,149.2,150.2,150.2
0,143.9,143.6,143.7,143.7,145.7,147.4,149.2,150.2,150.2,149.2
0,143.6,143.7,143.7,145.7,147.4,149.2,150.2,150.2,149.2,148.3
0,143.7,143.7,145.7,147.4,149.2,150.2,150.2,149.2,148.3,147.5
0,143.7,145.7,147.4,149.2,150.2,150.2,149.2,148.3,147.5,147.1
0,145.7,147.4,149.2,150.2,150.2,149.2,148.3,147.5,147.1,147
0,147.4,149.2,150.2,150.2,149.2,148.3,147.5,147.1,147,147.2
0,149.2,150.2,150.2,149.2,148.3,147.5,147.1,147,147.2,147.3
0,150.2,150.2,149.2,148.3,147.5,147.1,147,147.2,147.3,147.4
0,150.2,149.2,148.3,147.5,147.1,147,147.2,147.3,147.4,147.3
0,149.2,148.3,147.5,147.1,147,147.2,147.3,147.4,147.3,147.3
0,148.3,147.5,147.1,147,147.2,147.3,147.4,147.3,147.3,146.9
0,147.5,147.1,147,147.2,147.3,147.4,147.3,147.3,146.9,146.7
0,147.1,147,147.2,147.3,147.4,147.3,147.3,146.9,146.7,146.4
0,147,147.2,147.3,147.4,147.3,147.3,146.9,146.7,146.4,146.3
0,147.2,147.3,147.4,147.3,147.3,146.9,146.7,146.4,146.3,146.1
0,147.3,147.4,147.3,147.3,146.9,146.7,146.4,146.3,146.1,146.3
0,147.4,147.3,147.3,146.9,146.7,146.4,146.3,146.1,146.3,146.3
0,147.3,147.3,146.9,146.7,146.4,146.3,146.1,146.3,146.3,146
0,147.3,146.9,146.7,146.4,146.3,146.1,146.3,146.3,146,146.3
0,146.9,146.7,146.4,146.3,146.1,146.3,146.3,146,146.3,146.4
0,146.7,146.4,146.3,146.1,146.3,146.3,146,146.3,146.4,145.9
0,146.4,146.3,146.1,146.3,146.3,146,146.3,146.4,145.9,145.4
0,146.3,146.1,146.3,146.3,146,146.3,146.4,145.9,145.4,145
0,146.1,146.3,146.3,146,146.3,146.4,145.9,145.4,145,143.8
0,146.3,146.3,146,146.3,146.4,145.9,145.4,145,143.8,142.6
0,146.4,145.9,145.4,145,143.8,142.6,141.3,140.3,139.6,140.1
0,145.9,145.4,145,143.8,142.6,141.3,140.3,139.6,140.1,141
0,145.4,145,143.8,142.6,141.3,140.3,139.6,140.1,141,141.9
0,145,143.8,142.6,141.3,140.3,139.6,140.1,141,141.9,142.5
0,143.8,142.6,141.3,140.3,139.6,140.1,141,141.9,142.5,143.1
0,142.6,141.3,140.3,139.6,140.1,141,141.9,142.5,143.1,142.8
0,141.3,140.3,139.6,140.1,141,141.9,142.5,143.1,142.8,142.3
0,140.3,139.6,140.1,141,141.9,142.5,143.1,142.8,142.3,142.6
0,139.6,140.1,141,141.9,142.5,143.1,142.8,142.3,142.6,143.2
0,140.1,141,141.9,142.5,143.1,142.8,142.3,142.6,143.2,144
0,141,141.9,142.5,143.1,142.8,142.3,142.6,143.2,144,144.8
0,141.9,142.5,143.1,142.8,142.3,142.6,143.2,144,144.8,144.1
0,142.5,143.1,142.8,142.3,142.6,143.2,144,144.8,144.1,143.3
0,143.1,142.8,142.3,142.6,143.2,144,144.8,144.1,143.3,142.5
0,142.8,142.3,142.6,143.2,144,144.8,144.1,143.3,142.5,141.5
0,142.3,142.6,143.2,144,144.8,144.1,143.3,142.5,141.5,140.8
0,142.6,143.2,144,144.8,144.1,143.3,142.5,141.5,140.8,141.2
0,143.2,144,144.8,144.1,143.3,142.5,141.5,140.8,141.2,141.2
0,144,144.8,144.1,143.3,142.5,141.5,140.8,141.2,141.2,140.6
0,144.8,144.1,143.3,142.5,141.5,140.8,141.2,141.2,140.6,139.6
0,144.1,143.3,142.5,141.5,140.8,141.2,141.2,140.6,139.6,138.8
0,143.3,142.5,141.5,140.8,141.2,141.2,140.6,139.6,138.8,138.4
0,142.5,141.5,140.8,141.2,141.2,140.6,139.6,138.8,138.4,138
0,141.5,140.8,141.2,141.2,140.6,139.6,138.8,138.4,138,137.7
0,140.8,141.2,141.2,140.6,139.6,138.8,138.4,138,137.7,138.4
0,141.2,141.2,140.6,139.6,138.8,138.4,138,137.7,138.4,138.5
0,141.2,140.6,139.6,138.8,138.4,138,137.7,138.4,138.5,138.9
0,140.6,139.6,138.8,138.4,138,137.7,138.4,138.5,138.9,139
0,139.6,138.8,138.4,138,137.7,138.4,138.5,138.9,139,138.9
0,138.8,138.4,138,137.7,138.4,138.5,138.9,139,138.9,138.3
0,138.4,138,137.7,138.4,138.5,138.9,139,138.9,138.3,137.3
0,138,137.7,138.4,138.5,138.9,139,138.9,138.3,137.3,136
