1,96.5,97.3,96.9,97.6,96.2,94.8,93.4,92.2,89.5,87.5
1,87.8,88.7,88.9,88.6,87.5,87,87.1,87.4,87.2,86.9
1,84.5,83.4,81.7,80.5,80.8,82.1,82.6,83.4,84.3,84.7
1,95.9,96,95.9,95.2,93.8,92.5,91.7,90.4,88.7,82.5
1,82.5,77.1,71.4,67,63.4,64.5,64.9,65.7,65.5,64.3
1,62.1,62.5,62.7,62.8,62.3,61.8,60.8,59.8,59.2,59.1
1,75.9,75.1,74,74.2,73.9,74,73.9,74.6,75.2,77.1
1,74.2,73.9,74,73.9,74.6,75.2,77.1,80.3,83.4,84.7
1,77.1,80.3,83.4,84.7,86.1,87.1,86.1,85.1,84.5,83.9
1,85.1,84.5,83.9,83.3,83.6,82.9,82.9,83.1,82.5,81.8
1,86.6,88.1,88.7,89.8,90.8,90.5,89.6,89,87.7,86.5
1,86.2,86.2,86.2,85.4,84.8,83.8,82.5,81.4,81.4,81.1
1,61.4,60.1,58.6,56.6,54.6,53,51.4,50.58,49.78,48.6
1,36.26,37.18,38.74,40.24,42.4,43.9,44.48,44.8,45.1,45
1,43.9,44.48,44.8,45.1,45,45.22,45.88,45.98,46.28,46.08
1,46.08,46.16,46.34,47.44,48.44,49.64,49.78,49.6,48.76,47.74
1,48.44,49.64,49.78,49.6,48.76,47.74,47.22,47.32,47.48,47.34
1,47.66,47.12,46.44,45.84,45.18,45.2,45.1,44.84,44.4,43.96
1,48.64,48.84,48.86,48.18,46.48,44.74,43.26,41.8,40.96,40.76
1,48.18,46.48,44.74,43.26,41.8,40.96,40.76,41.38,41.66,42.18
1,40.76,41.38,41.66,42.18,42.96,43.74,44.04,44.06,44.02,43.6
1,49.12,48.88,48.64,48.34,48.4,48.58,48.84,49.34,50.14,51.02
1,48.64,48.34,48.4,48.58,48.84,49.34,50.14,51.02,52.36,53.7
1,58.9,59.2,59.4,59,58.4,58.1,58.2,58.1,58.7,59.6
1,65.4,65.7,65.6,65.3,64.4,63.5,62.9,62.8,62.1,61.6
1,65.7,65,64,63,62,61.5,61.2,61.4,61,59.9
1,46.02,45.34,45.3,45.3,44.94,44.84,44.44,43.74,43.22,42.68
1,43.74,43.22,42.68,42.52,42.58,42.64,42.38,42.42,42.08,41.62
1,47.36,47.62,47.74,47.76,47.22,46.5,45.68,45.16,44.52,44.08
1,45.36,45.4,45.26,45.36,45.44,45.34,45.12,44.68,44.02,43.52
1,42.52,42.6,42.64,42.74,42.88,42.88,42.66,42.7,42.82,42.96
1,42.82,42.96,43.52,44.52,45.42,46.2,47,47.56,47.78,47.54
1,48.62,49.32,49.46,49.46,49.3,48.86,48.2,47.94,47.72,47.22
1,47.72,47.22,47.16,47.5,47.9,48.28,48.76,48.8,48.66,48.4
1,49.8,49.94,50.08,50.18,50.28,50.5,50.42,50.02,49.52,48.98
1,50.5,50.42,50.02,49.52,48.98,48.48,48.2,47.9,47.66,47.5
1,49.52,48.98,48.48,48.2,47.9,47.66,47.5,47.58,47.76,47.9
1,47.9,47.66,47.5,47.58,47.76,47.9,48.14,48.24,47.86,47.56
1,52.8,52.54,52.02,51.82,51.6,51.28,51.1,50.98,50.64,50.58
1,51.6,51.28,51.1,50.98,50.64,50.58,50.7,50.88,51,51.06
1,51.88,52.08,52.06,51.86,51.54,51.1,50.62,50.28,49.94,49.84
1,53.18,52.86,52.46,52.26,52.06,51.82,51.78,52.02,51.88,51.7
1,54.38,54.86,55.42,55.94,56.44,56.74,56.78,56.8,56.98,57.18
1,55.94,56.44,56.74,56.78,56.8,56.98,57.18,57.76,58.48,58.88
1,56.74,56.78,56.8,56.98,57.18,57.76,58.48,58.88,59.2,59.16
1,62.32,62.2,62.02,62.08,62.04,62.16,61.84,61.7,61.34,61
1,61.84,61.7,61.34,61,61.16,61.36,61.34,61.18,60.9,60.32
1,61,61.16,61.36,61.34,61.18,60.9,60.32,60.24,60.34,60.32
1,60.32,60.74,60.88,60.74,60.5,60.6,60.3,60.12,59.94,59.96
1,58.1,57.8,57.48,57,56.88,56.72,56.36,55.74,55.28,54.62
1,53.94,53.84,54.22,54.48,54.68,54.82,54.92,54.88,54.96,55.14
1,57.68,58.26,58.7,58.76,59,58.82,58.26,57.74,57.4,56.94
1,58,58.42,58.52,58.32,57.9,57.3,56.92,57.04,57.3,57.76
1,59.96,60.1,60.06,60.06,60.26,60.34,60.34,60.44,60.34,59.86
1,61.7,62.56,63.02,63.22,62.78,62.54,61.78,61.8,61.86,61.96
1,61.04,60.76,60.72,60.64,60.68,60.62,60.56,60.46,60.5,60.78
1,55.5,55.42,55.1,53.52,52.64,52.44,52.62,52.8,54.28,55.64
1,62.42,62.68,63.16,63.26,63.16,63.26,62.68,62.1,61.84,61.34
1,47.42,47.48,47.25,46.76,45.6,44.48,43.4,42.36,41.18,40.3
1,42.74,42.38,41.9,40.98,39.9,39.16,38.52,37.82,38.1,38.3
1,38.3,39.12,39.58,40.28,39.89,39.52,38.75,38.03,37.83,38.4
1,39.89,39.52,38.75,38.03,37.83,38.4,39.7,41.27,42.19,42.92
1,44.15,44.78,45.01,44.88,44.36,43.98,43.67,43.42,43.69,43.89
1,49.46,49.52,50,50.36,50.86,51.7,52.04,51.84,51.54,51.68
1,51.7,52.04,51.84,51.54,51.68,51.82,51.9,52.04,51.94,51.94
1,52.3,51.78,51.62,51.44,51.18,51.18,51.2,50.92,50.8,50.98
1,52.26,52.44,52.64,53.06,53.14,53.82,54.24,54.52,54.64,54.84
1,55.12,55.24,55.32,55.16,54.92,54.5,54.46,54.4,54.74,55.22
1,54.5,54.46,54.4,54.74,55.22,55.86,56.42,56.9,57.14,57.04
1,59.06,58.92,59,59.14,59.34,59.56,59.82,59.86,59.86,59.76
1,59.34,59.56,59.82,59.86,59.86,59.76,59.84,60,60.38,60.58
1,63.84,63.82,63.6,63.48,63.7,63.84,63.94,63.94,64.22,64.58
1,72.54,72.82,72.82,72.94,72.48,71.82,71.22,70.14,68.66,67.04
1,72.94,72.48,71.82,71.22,70.14,68.66,67.04,66.18,65.46,65.16
1,67.04,66.18,65.46,65.16,65.48,66.02,66.02,65.62,65.38,65.02
1,76.14,76.08,75.7,75.44,75.4,75.02,74.26,73.98,73.48,73
1,77.54,77.44,77,76.78,76.86,77,77.36,77.44,77.28,77.26
1,77.74,76.84,75.98,75.32,75.68,75.86,75.62,75.62,75.58,75.34
1,75.98,75.32,75.68,75.86,75.62,75.62,75.58,75.34,75.86,76.8
1,82.82,83,83.32,83.18,82.86,82.96,82.88,82.96,83.46,84.24
1,83.18,82.86,82.96,82.88,82.96,83.46,84.24,84.78,85.38,85.64
1,83.46,84.24,84.78,85.38,85.64,85.94,86,85.84,85.76,85.8
1,86.62,87.14,87.22,87.14,86.78,86.38,85.72,85.84,86.26,86.72
1,90.6,90.8,90.78,90.68,90.62,90.5,90.24,90.26,90.26,90.48
1,103.1,103.3,103.2,102.9,102.4,101.26,100.2,99.2,99,98.8
1,103.2,102.9,102.4,101.26,100.2,99.2,99,98.8,99.14,99.4
1,98.8,99.14,99.4,99.9,100.2,100.5,100.5,100.2,99.6,99.06
1,99.9,100.2,100.5,100.5,100.2,99.6,99.06,99.26,99.26,99.44
1,100.5,100.2,99.6,99.06,99.26,99.26,99.44,100.04,100.38,100.06
1,101.8,101.9,101.5,101.1,101.2,100.56,99.46,98.64,97.82,96.92
1,98.64,97.82,96.92,96.6,96.56,96.48,96.5,96.4,95.84,95.38
1,96.56,96.48,96.5,96.4,95.84,95.38,95.58,95.64,95.66,96.14
1,104.5,104.1,104.2,104.2,104.2,104,103.9,103.3,103.2,102.4
1,104.9,104.6,104.2,103.4,103.1,102.4,102.3,102.4,102.7,102.9
1,103.1,102.4,102.3,102.4,102.7,102.9,104.1,105.2,106.1,106.7
1,107.3,107.4,106.9,105.7,104.6,103.9,102.9,102.8,103.7,104.3
1,103.9,102.9,102.8,103.7,104.3,105,106.1,106.8,107.4,107.7
1,106.8,107.4,107.7,107.7,107.4,107.4,107.3,107.6,107.7,107.8
1,119.6,120.3,120.7,120.8,121.4,121.6,121.4,121.4,121.6,120.7
1,121.4,121.6,120.7,120.2,120,119.5,118.9,118.6,118.4,118
1,120.2,120,119.5,118.9,118.6,118.4,118,118.2,118.6,118.9
1,124.8,125.5,125.8,126.3,126.8,127.4,127.1,126.9,126.3,125.4
1,125.8,126.3,126.8,127.4,127.1,126.9,126.3,125.4,124.7,123.8
1,124.1,123.8,123.8,123.5,122.9,122.1,121.8,121.3,121,120.8
1,122.9,122.1,121.8,121.3,121,120.8,121.5,122.6,123.6,123.8
1,120.8,121.5,122.6,123.6,123.8,124.6,123.8,122.8,122.1,121.9
1,138.4,138,138.1,137.7,136.8,136.3,135.9,134.9,133.8,133.2
1,136.7,137.9,138.1,138.1,138.8,139.2,139.9,140,139,137.6
1,139.9,140,139,137.6,137.2,135.8,134.3,134.1,133.3,132
0,107,108.1,108.6,108.2,107.6,106.8,106.6,107.1,107.3,108.2
0,108.1,108.6,108.2,107.6,106.8,106.6,107.1,107.3,108.2,108.6
0,108.6,108.2,107.6,106.8,106.6,107.1,107.3,108.2,108.6,109.2
0,108.2,107.6,106.8,106.6,107.1,107.3,108.2,108.6,109.2,108.4
0,107.6,106.8,106.6,107.1,107.3,108.2,108.6,109.2,108.4,106.04
0,106.8,106.6,107.1,107.3,108.2,108.6,109.2,108.4,106.04,103.54
0,106.6,107.1,107.3,108.2,108.6,109.2,108.4,106.04,103.54,101.94
0,107.1,107.3,108.2,108.6,109.2,108.4,106.04,103.54,101.94,100.54
0,107.3,108.2,108.6,109.2,108.4,106.04,103.54,101.94,100.54,99.94
0,108.2,108.6,109.2,108.4,106.04,103.54,101.94,100.54,99.94,100.8
0,108.6,109.2,108.4,106.04,103.54,101.94,100.54,99.94,100.8,101.4
0,109.2,108.4,106.04,103.54,101.94,100.54,99.94,100.8,101.4,101.8
0,108.4,106.04,103.54,101.94,100.54,99.94,100.8,101.4,101.8,101.9
0,106.04,103.54,101.94,100.54,99.94,100.8,101.4,101.8,101.9,101.5
0,103.54,101.94,100.54,99.94,100.8,101.4,101.8,101.9,101.5,101.1
0,101.94,100.54,99.94,100.8,101.4,101.8,101.9,101.5,101.1,101.2
0,100.54,99.94,100.8,101.4,101.8,101.9,101.5,101.1,101.2,100.56
0,99.94,100.8,101.4,101.8,101.9,101.5,101.1,101.2,100.56,99.46
0,101.9,101.5,101.1,101.2,100.56,99.46,98.64,97.82,96.92,96.6
0,97.82,96.92,96.6,96.56,96.48,96.5,96.4,95.84,95.38,95.58
0,96.48,96.5,96.4,95.84,95.38,95.58,95.64,95.66,96.14,96.98
0,96.5,96.4,95.84,95.38,95.58,95.64,95.66,96.14,96.98,97.68
0,96.4,95.84,95.38,95.58,95.64,95.66,96.14,96.98,97.68,98.72
0,95.84,95.38,95.58,95.64,95.66,96.14,96.98,97.68,98.72,100
0,95.38,95.58,95.64,95.66,96.14,96.98,97.68,98.72,100,100.74
0,95.58,95.64,95.66,96.14,96.98,97.68,98.72,100,100.74,101.3
0,95.64,95.66,96.14,96.98,97.68,98.72,100,100.74,101.3,101.6
0,95.66,96.14,96.98,97.68,98.72,100,100.74,101.3,101.6,101.8
0,96.14,96.98,97.68,98.72,100,100.74,101.3,101.6,101.8,102.3
0,96.98,97.68,98.72,100,100.74,101.3,101.6,101.8,102.3,103.1
0,97.68,98.72,100,100.74,101.3,101.6,101.8,102.3,103.1,103.5
0,98.72,100,100.74,101.3,101.6,101.8,102.3,103.1,103.5,103.6
0,100,100.74,101.3,101.6,101.8,102.3,103.1,103.5,103.6,103.5
0,100.74,101.3,101.6,101.8,102.3,103.1,103.5,103.6,103.5,103.7
0,101.3,101.6,101.8,102.3,103.1,103.5,103.6,103.5,103.7,103.9
0,101.6,101.8,102.3,103.1,103.5,103.6,103.5,103.7,103.9,103.8
0,101.8,102.3,103.1,103.5,103.6,103.5,103.7,103.9,103.8,104.4
0,102.3,103.1,103.5,103.6,103.5,103.7,103.9,103.8,104.4,104.9
0,103.1,103.5,103.6,103.5,103.7,103.9,103.8,104.4,104.9,104.4
0,103.5,103.6,103.5,103.7,103.9,103.8,104.4,104.9,104.4,103.6
0,103.6,103.5,103.7,103.9,103.8,104.4,104.9,104.4,103.6,103.6
0,103.5,103.7,103.9,103.8,104.4,104.9,104.4,103.6,103.6,102.6
0,103.7,103.9,103.8,104.4,104.9,104.4,103.6,103.6,102.6,101.9
0,103.9,103.8,104.4,104.9,104.4,103.6,103.6,102.6,101.9,101.9
0,103.8,104.4,104.9,104.4,103.6,103.6,102.6,101.9,101.9,102.6
0,104.4,104.9,104.4,103.6,103.6,102.6,101.9,101.9,102.6,102.8
0,104.9,104.4,103.6,103.6,102.6,101.9,101.9,102.6,102.8,103.3
0,104.4,103.6,103.6,102.6,101.9,101.9,102.6,102.8,103.3,104
0,103.6,103.6,102.6,101.9,101.9,102.6,102.8,103.3,104,104.4
0,103.6,102.6,101.9,101.9,102.6,102.8,103.3,104,104.4,104.7
0,102.6,101.9,101.9,102.6,102.8,103.3,104,104.4,104.7,104.9
0,101.9,101.9,102.6,102.8,103.3,104,104.4,104.7,104.9,105.7
0,101.9,102.6,102.8,103.3,104,104.4,104.7,104.9,105.7,105.9
0,102.6,102.8,103.3,104,104.4,104.7,104.9,105.7,105.9,106.3
0,102.8,103.3,104,104.4,104.7,104.9,105.7,105.9,106.3,107
0,103.3,104,104.4,104.7,104.9,105.7,105.9,106.3,107,108
0,104,104.4,104.7,104.9,105.7,105.9,106.3,107,108,108.9
0,104.4,104.7,104.9,105.7,105.9,106.3,107,108,108.9,109.9
0,104.7,104.9,105.7,105.9,106.3,107,108,108.9,109.9,110.5
0,104.9,105.7,105.9,106.3,107,108,108.9,109.9,110.5,109.9
0,105.7,105.9,106.3,107,108,108.9,109.9,110.5,109.9,109.8
0,105.9,106.3,107,108,108.9,109.9,110.5,109.9,109.8,109.4
0,106.3,107,108,108.9,109.9,110.5,109.9,109.8,109.4,109.2
0,107,108,108.9,109.9,110.5,109.9,109.8,109.4,109.2,109.1
0,108,108.9,109.9,110.5,109.9,109.8,109.4,109.2,109.1,109.6
0,108.9,109.9,110.5,109.9,109.8,109.4,109.2,109.1,109.6,109.5
0,109.9,110.5,109.9,109.8,109.4,109.2,109.1,109.6,109.5,108.9
0,110.5,109.9,109.8,109.4,109.2,109.1,109.6,109.5,108.9,108.3
0,109.9,109.8,109.4,109.2,109.1,109.6,109.5,108.9,108.3,107.8
0,109.8,109.4,109.2,109.1,109.6,109.5,108.9,108.3,107.8,107.1
0,109.4,109.2,109.1,109.6,109.5,108.9,108.3,107.8,107.1,106.2
0,109.2,109.1,109.6,109.5,108.9,108.3,107.8,107.1,106.2,105.9
0,109.1,109.6,109.5,108.9,108.3,107.8,107.1,106.2,105.9,105.1
0,109.6,109.5,108.9,108.3,107.8,107.1,106.2,105.9,105.1,104.4
0,109.5,108.9,108.3,107.8,107.1,106.2,105.9,105.1,104.4,104
0,108.9,108.3,107.8,107.1,106.2,105.9,105.1,104.4,104,103.9
0,108.3,107.8,107.1,106.2,105.9,105.1,104.4,104,103.9,103.9
0,107.8,107.1,106.2,105.9,105.1,104.4,104,103.9,103.9,103.9
0,107.1,106.2,105.9,105.1,104.4,104,103.9,103.9,103.9,103.4
0,106.2,105.9,105.1,104.4,104,103.9,103.9,103.9,103.4,102.6
0,105.9,105.1,104.4,104,103.9,103.9,103.9,103.4,102.6,102
0,105.1,104.4,104,103.9,103.9,103.9,103.4,102.6,102,101.7
0,104.4,104,103.9,103.9,103.9,103.4,102.6,102,101.7,102.1
0,104,103.9,103.9,103.9,103.4,102.6,102,101.7,102.1,102.9
0,103.9,103.9,103.9,103.4,102.6,102,101.7,102.1,102.9,103.9
0,103.9,103.9,103.4,102.6,102,101.7,102.1,102.9,103.9,104.6
0,103.9,103.4,102.6,102,101.7,102.1,102.9,103.9,104.6,104.7
0,103.4,102.6,102,101.7,102.1,102.9,103.9,104.6,104.7,104.7
0,102.6,102,101.7,102.1,102.9,103.9,104.6,104.7,104.7,104.5
0,102,101.7,102.1,102.9,103.9,104.6,104.7,104.7,104.5,104.1
0,101.7,102.1,102.9,103.9,104.6,104.7,104.7,104.5,104.1,104.2
0,102.1,102.9,103.9,104.6,104.7,104.7,104.5,104.1,104.2,104.2
0,102.9,103.9,104.6,104.7,104.7,104.5,104.1,104.2,104.2,104.2
0,103.9,104.6,104.7,104.7,104.5,104.1,104.2,104.2,104.2,104
0,104.6,104.7,104.7,104.5,104.1,104.2,104.2,104.2,104,103.9
0,104.7,104.7,104.5,104.1,104.2,104.2,104.2,104,103.9,103.3
0,104.7,104.5,104.1,104.2,104.2,104.2,104,103.9,103.3,103.2
0,104.1,104.2,104.2,104.2,104,103.9,103.3,103.2,102.4,102.3
0,104.2,104.2,104.2,104,103.9,103.3,103.2,102.4,102.3,102.2
0,104.2,104.2,104,103.9,103.3,103.2,102.4,102.3,102.2,102.6
0,104.2,104,103.9,103.3,103.2,102.4,102.3,102.2,102.6,102.5
0,104,103.9,103.3,103.2,102.4,102.3,102.2,102.6,102.5,102.9
0,103.9,103.3,103.2,102.4,102.3,102.2,102.6,102.5,102.9,103.2
0,103.3,103.2,102.4,102.3,102.2,102.6,102.5,102.9,103.2,103.7
0,103.2,102.4,102.3,102.2,102.6,102.5,102.9,103.2,103.7,104.1
0,102.4,102.3,102.2,102.6,102.5,102.9,103.2,103.7,104.1,104.6
0,102.3,102.2,102.6,102.5,102.9,103.2,103.7,104.1,104.6,104.9
0,104.6,104.2,103.4,103.1,102.4,102.3,102.4,102.7,102.9,104.1
0,104.2,103.4,103.1,102.4,102.3,102.4,102.7,102.9,104.1,105.2
0,103.4,103.1,102.4,102.3,102.4,102.7,102.9,104.1,105.2,106.1
0,102.4,102.3,102.4,102.7,102.9,104.1,105.2,106.1,106.7,107.2
0,102.3,102.4,102.7,102.9,104.1,105.2,106.1,106.7,107.2,107.3
0,102.4,102.7,102.9,104.1,105.2,106.1,106.7,107.2,107.3,107.4
0,107.4,106.9,105.7,104.6,103.9,102.9,102.8,103.7,104.3,105
0,106.9,105.7,104.6,103.9,102.9,102.8,103.7,104.3,105,106.1
0,105.7,104.6,103.9,102.9,102.8,103.7,104.3,105,106.1,106.8
0,104.6,103.9,102.9,102.8,103.7,104.3,105,106.1,106.8,107.4
0,102.9,102.8,103.7,104.3,105,106.1,106.8,107.4,107.7,107.7
0,102.8,103.7,104.3,105,106.1,106.8,107.4,107.7,107.7,107.4
0,103.7,104.3,105,106.1,106.8,107.4,107.7,107.7,107.4,107.4
0,104.3,105,106.1,106.8,107.4,107.7,107.7,107.4,107.4,107.3
0,105,106.1,106.8,107.4,107.7,107.7,107.4,107.4,107.3,107.6
0,106.1,106.8,107.4,107.7,107.7,107.4,107.4,107.3,107.6,107.7
0,107.4,107.7,107.7,107.4,107.4,107.3,107.6,107.7,107.8,108.2
0,107.7,107.7,107.4,107.4,107.3,107.6,107.7,107.8,108.2,109.3
0,107.7,107.4,107.4,107.3,107.6,107.7,107.8,108.2,109.3,110.6
0,107.4,107.4,107.3,107.6,107.7,107.8,108.2,109.3,110.6,111.6
0,107.4,107.3,107.6,107.7,107.8,108.2,109.3,110.6,111.6,112.9
0,107.3,107.6,107.7,107.8,108.2,109.3,110.6,111.6,112.9,113.5
0,107.6,107.7,107.8,108.2,109.3,110.6,111.6,112.9,113.5,114.2
0,107.7,107.8,108.2,109.3,110.6,111.6,112.9,113.5,114.2,114.3
0,107.8,108.2,109.3,110.6,111.6,112.9,113.5,114.2,114.3,114.5
0,108.2,109.3,110.6,111.6,112.9,113.5,114.2,114.3,114.5,114.6
0,109.3,110.6,111.6,112.9,113.5,114.2,114.3,114.5,114.6,114.9
0,110.6,111.6,112.9,113.5,114.2,114.3,114.5,114.6,114.9,114
0,111.6,112.9,113.5,114.2,114.3,114.5,114.6,114.9,114,113.5
0,112.9,113.5,114.2,114.3,114.5,114.6,114.9,114,113.5,113.2
0,113.5,114.2,114.3,114.5,114.6,114.9,114,113.5,113.2,113
0,114.2,114.3,114.5,114.6,114.9,114,113.5,113.2,113,113.2
0,114.3,114.5,114.6,114.9,114,113.5,113.2,113,113.2,114
0,114.5,114.6,114.9,114,113.5,113.2,113,113.2,114,115
0,114.6,114.9,114,113.5,113.2,113,113.2,114,115,116.2
0,114.9,114,113.5,113.2,113,113.2,114,115,116.2,117.4
0,114,113.5,113.2,113,113.2,114,115,116.2,117.4,118.3
0,113.5,113.2,113,113.2,114,115,116.2,117.4,118.3,118.8
0,113.2,113,113.2,114,115,116.2,117.4,118.3,118.8,118.8
0,113,113.2,114,115,116.2,117.4,118.3,118.8,118.8,118.9
0,113.2,114,115,116.2,117.4,118.3,118.8,118.8,118.9,118.8
0,114,115,116.2,117.4,118.3,118.8,118.8,118.9,118.8,118.7
0,115,116.2,117.4,118.3,118.8,118.8,118.9,118.8,118.7,119
0,116.2,117.4,118.3,118.8,118.8,118.9,118.8,118.7,119,119.6
0,117.4,118.3,118.8,118.8,118.9,118.8,118.7,119,119.6,120.3
0,118.3,118.8,118.8,118.9,118.8,118.7,119,119.6,120.3,120.7
0,118.8,118.8,118.9,118.8,118.7,119,119.6,120.3,120.7,120.8
0,118.8,118.9,118.8,118.7,119,119.6,120.3,120.7,120.8,121.4
0,118.9,118.8,118.7,119,119.6,120.3,120.7,120.8,121.4,121.6
0,118.8,118.7,119,119.6,120.3,120.7,120.8,121.4,121.6,121.4
0,118.7,119,119.6,120.3,120.7,120.8,121.4,121.6,121.4,121.4
0,119,119.6,120.3,120.7,120.8,121.4,121.6,121.4,121.4,121.6
0,120.3,120.7,120.8,121.4,121.6,121.4,121.4,121.6,120.7,120.2
0,120.7,120.8,121.4,121.6,121.4,121.4,121.6,120.7,120.2,120
0,121.6,120.7,120.2,120,119.5,118.9,118.6,118.4,118,118.2
0,120.7,120.2,120,119.5,118.9,118.6,118.4,118,118.2,118.6
0,120,119.5,118.9,118.6,118.4,118,118.2,118.6,118.9,119.4
0,119.5,118.9,118.6,118.4,118,118.2,118.6,118.9,119.4,120.1
0,118.9,118.6,118.4,118,118.2,118.6,118.9,119.4,120.1,120.6
0,118.6,118.4,118,118.2,118.6,118.9,119.4,120.1,120.6,121
0,118.4,118,118.2,118.6,118.9,119.4,120.1,120.6,121,121.5
0,118,118.2,118.6,118.9,119.4,120.1,120.6,121,121.5,121.6
0,118.2,118.6,118.9,119.4,120.1,120.6,121,121.5,121.6,121.3
0,118.6,118.9,119.4,120.1,120.6,121,121.5,121.6,121.3,121.3
0,118.9,119.4,120.1,120.6,121,121.5,121.6,121.3,121.3,121.3
0,119.4,120.1,120.6,121,121.5,121.6,121.3,121.3,121.3,121.7
0,120.1,120.6,121,121.5,121.6,121.3,121.3,121.3,121.7,122.2
0,120.6,121,121.5,121.6,121.3,121.3,121.3,121.7,122.2,122.9
0,121,121.5,121.6,121.3,121.3,121.3,121.7,122.2,122.9,122.9
0,121.5,121.6,121.3,121.3,121.3,121.7,122.2,122.9,122.9,122.4
0,121.6,121.3,121.3,121.3,121.7,122.2,122.9,122.9,122.4,122.3
0,121.3,121.3,121.3,121.7,122.2,122.9,122.9,122.4,122.3,122.3
0,121.3,121.3,121.7,122.2,122.9,122.9,122.4,122.3,122.3,122.1
0,121.3,121.7,122.2,122.9,122.9,122.4,122.3,122.3,122.1,122.2
0,121.7,122.2,122.9,122.9,122.4,122.3,122.3,122.1,122.2,122.9
0,122.2,122.9,122.9,122.4,122.3,122.3,122.1,122.2,122.9,123.3
0,122.9,122.9,122.4,122.3,122.3,122.1,122.2,122.9,123.3,123.6
0,122.9,122.4,122.3,122.3,122.1,122.2,122.9,123.3,123.6,123.7
0,122.4,122.3,122.3,122.1,122.2,122.9,123.3,123.6,123.7,123.8
0,122.3,122.3,122.1,122.2,122.9,123.3,123.6,123.7,123.8,124
0,122.3,122.1,122.2,122.9,123.3,123.6,123.7,123.8,124,124.1
0,122.1,122.2,122.9,123.3,123.6,123.7,123.8,124,124.1,124.2
0,122.2,122.9,123.3,123.6,123.7,123.8,124,124.1,124.2,124.7
0,122.9,123.3,123.6,123.7,123.8,124,124.1,124.2,124.7,125
0,123.3,123.6,123.7,123.8,124,124.1,124.2,124.7,125,124.8
0,123.6,123.7,123.8,124,124.1,124.2,124.7,125,124.8,124.4
0,123.7,123.8,124,124.1,124.2,124.7,125,124.8,124.4,124
0,123.8,124,124.1,124.2,124.7,125,124.8,124.4,124,123.7
0,124,124.1,124.2,124.7,125,124.8,124.4,124,123.7,123.9
0,124.1,124.2,124.7,125,124.8,124.4,124,123.7,123.9,124.6
0,124.2,124.7,125,124.8,124.4,124,123.7,123.9,124.6,125.6
0,124.7,125,124.8,124.4,124,123.7,123.9,124.6,125.6,127.4
0,125,124.8,124.4,124,123.7,123.9,124.6,125.6,127.4,129.4
0,124.8,124.4,124,123.7,123.9,124.6,125.6,127.4,129.4,131.3
0,124.4,124,123.7,123.9,124.6,125.6,127.4,129.4,131.3,133.2
0,124,123.7,123.9,124.6,125.6,127.4,129.4,131.3,133.2,134.5
0,123.7,123.9,124.6,125.6,127.4,129.4,131.3,133.2,134.5,134.8
0,123.9,124.6,125.6,127.4,129.4,131.3,133.2,134.5,134.8,134.8
0,124.6,125.6,127.4,129.4,131.3,133.2,134.5,134.8,134.8,135.1
0,125.6,127.4,129.4,131.3,133.2,134.5,134.8,134.8,135.1,134.4
0,127.4,129.4,131.3,133.2,134.5,134.8,134.8,135.1,134.4,134.1
0,129.4,131.3,133.2,134.5,134.8,134.8,135.1,134.4,134.1,133.4
0,131.3,133.2,134.5,134.8,134.8,135.1,134.4,134.1,133.4,131.4
0,133.2,134.5,134.8,134.8,135.1,134.4,134.1,133.4,131.4,128.8
0,134.5,134.8,134.8,135.1,134.4,134.1,133.4,131.4,128.8,127
0,134.8,134.8,135.1,134.4,134.1,133.4,131.4,128.8,127,125.3
0,134.8,135.1,134.4,134.1,133.4,131.4,128.8,127,125.3,124.2
0,135.1,134.4,134.1,133.4,131.4,128.8,127,125.3,124.2,123.9
0,134.4,134.1,133.4,131.4,128.8,127,125.3,124.2,123.9,123.5
0,134.1,133.4,131.4,128.8,127,125.3,124.2,123.9,123.5,123.6
0,133.4,131.4,128.8,127,125.3,124.2,123.9,123.5,123.6,123.6
0,131.4,128.8,127,125.3,124.2,123.9,123.5,123.6,123.6,122.8
0,128.8,127,125.3,124.2,123.9,123.5,123.6,123.6,122.8,122.2
0,127,125.3,124.2,123.9,123.5,123.6,123.6,122.8,122.2,122.6
0,125.3,124.2,123.9,123.5,123.6,123.6,122.8,122.2,122.6,121.7
0,124.2,123.9,123.5,123.6,123.6,122.8,122.2,122.6,121.7,120.9
0,123.9,123.5,123.6,123.6,122.8,122.2,122.6,121.7,120.9,121
0,123.5,123.6,123.6,122.8,122.2,122.6,121.7,120.9,121,121.1
0,123.6,123.6,122.8,122.2,122.6,121.7,120.9,121,121.1,120.5
0,123.6,122.8,122.2,122.6,121.7,120.9,121,121.1,120.5,120.9
0,122.8,122.2,122.6,121.7,120.9,121,121.1,120.5,120.9,121.3
0,122.2,122.6,121.7,120.9,121,121.1,120.5,120.9,121.3,121.8
0,122.6,121.7,120.9,121,121.1,120.5,120.9,121.3,121.8,122.5
0,121.7,120.9,121,121.1,120.5,120.9,121.3,121.8,122.5,123
0,120.9,121,121.1,120.5,120.9,121.3,121.8,122.5,123,123.5
0,121,121.1,120.5,120.9,121.3,121.8,122.5,123,123.5,124.1
0,121.1,120.5,120.9,121.3,121.8,122.5,123,123.5,124.1,124.2
0,120.5,120.9,121.3,121.8,122.5,123,123.5,124.1,124.2,124.5
0,120.9,121.3,121.8,122.5,123,123.5,124.1,124.2,124.5,124.9
0,121.3,121.8,122.5,123,123.5,124.1,124.2,124.5,124.9,125
0,121.8,122.5,123,123.5,124.1,124.2,124.5,124.9,125,125
0,122.5,123,123.5,124.1,124.2,124.5,124.9,125,125,125.1
0,123,123.5,124.1,124.2,124.5,124.9,125,125,125.1,124.8
0,123.5,124.1,124.2,124.5,124.9,125,125,125.1,124.8,125.5
0,124.1,124.2,124.5,124.9,125,125,125.1,124.8,125.5,125.8
0,124.2,124.5,124.9,125,125,125.1,124.8,125.5,125.8,126.3
0,124.5,124.9,125,125,125.1,124.8,125.5,125.8,126.3,126.8
0,124.9,125,125,125.1,124.8,125.5,125.8,126.3,126.8,127.4
0,125,125,125.1,124.8,125.5,125.8,126.3,126.8,127.4,127.1
0,125,125.1,124.8,125.5,125.8,126.3,126.8,127.4,127.1,126.9
0,125.1,124.8,125.5,125.8,126.3,126.8,127.4,127.1,126.9,126.3
0,125.5,125.8,126.3,126.8,127.4,127.1,126.9,126.3,125.4,124.7
0,126.3,126.8,127.4,127.1,126.9,126.3,125.4,124.7,123.8,123.7
0,126.8,127.4,127.1,126.9,126.3,125.4,124.7,123.8,123.7,123.7
0,127.4,127.1,126.9,126.3,125.4,124.7,123.8,123.7,123.7,124.1
0,123.8,123.8,123.5,122.9,122.1,121.8,121.3,121,120.8,121.5
0,123.8,123.5,122.9,122.1,121.8,121.3,121,120.8,121.5,122.6
0,123.5,122.9,122.1,121.8,121.3,121,120.8,121.5,122.6,123.6
0,122.1,121.8,121.3,121,120.8,121.5,122.6,123.6,123.8,124.6
0,121.5,122.6,123.6,123.8,124.6,123.8,122.8,122.1,121.9,121.6
0,122.6,123.6,123.8,124.6,123.8,122.8,122.1,121.9,121.6,122.7
0,123.6,123.8,124.6,123.8,122.8,122.1,121.9,121.6,122.7,123.5
0,123.8,124.6,123.8,122.8,122.1,121.9,121.6,122.7,123.5,125
0,124.6,123.8,122.8,122.1,121.9,121.6,122.7,123.5,125,126.2
0,123.8,122.8,122.1,121.9,121.6,122.7,123.5,125,126.2,126.6
0,122.8,122.1,121.9,121.6,122.7,123.5,125,126.2,126.6,127
0,122.1,121.9,121.6,122.7,123.5,125,126.2,126.6,127,127.6
0,121.9,121.6,122.7,123.5,125,126.2,126.6,127,127.6,127.6
0,121.6,122.7,123.5,125,126.2,126.6,127,127.6,127.6,127.8
0,122.7,123.5,125,126.2,126.6,127,127.6,127.6,127.8,128.8
0,123.5,125,126.2,126.6,127,127.6,127.6,127.8,128.8,129.4
0,125,126.2,126.6,127,127.6,127.6,127.8,128.8,129.4,130.2
0,126.2,126.6,127,127.6,127.6,127.8,128.8,129.4,130.2,130.8
0,126.6,127,127.6,127.6,127.8,128.8,129.4,130.2,130.8,131.5
0,127,127.6,127.6,127.8,128.8,129.4,130.2,130.8,131.5,131.6
0,127.6,127.6,127.8,128.8,129.4,130.2,130.8,131.5,131.6,132.3
0,127.6,127.8,128.8,129.4,130.2,130.8,131.5,131.6,132.3,132.7
0,127.8,128.8,129.4,130.2,130.8,131.5,131.6,132.3,132.7,132.7
0,128.8,129.4,130.2,130.8,131.5,131.6,132.3,132.7,132.7,133.1
0,129.4,130.2,130.8,131.5,131.6,132.3,132.7,132.7,133.1,133.9
0,130.2,130.8,131.5,131.6,132.3,132.7,132.7,133.1,133.9,133.6
0,130.8,131.5,131.6,132.3,132.7,132.7,133.1,133.9,133.6,133.1
0,131.5,131.6,132.3,132.7,132.7,133.1,133.9,133.6,133.1,133.9
0,131.6,132.3,132.7,132.7,133.1,133.9,133.6,133.1,133.9,134.9
0,132.3,132.7,132.7,133.1,133.9,133.6,133.1,133.9,134.9,135.6
0,132.7,132.7,133.1,133.9,133.6,133.1,133.9,134.9,135.6,136.7
0,132.7,133.1,133.9,133.6,133.1,133.9,134.9,135.6,136.7,138.2
0,133.1,133.9,133.6,133.1,133.9,134.9,135.6,136.7,138.2,138.8
0,133.9,133.6,133.1,133.9,134.9,135.6,136.7,138.2,138.8,139
0,133.6,133.1,133.9,134.9,135.6,136.7,138.2,138.8,139,139.6
0,133.1,133.9,134.9,135.6,136.7,138.2,138.8,139,139.6,139.9
0,133.9,134.9,135.6,136.7,138.2,138.8,139,139.6,139.9,139.6
0,134.9,135.6,136.7,138.2,138.8,139,139.6,139.9,139.6,139.4
0,135.6,136.7,138.2,138.8,139,139.6,139.9,139.6,139.4,139.2
0,136.7,138.2,138.8,139,139.6,139.9,139.6,139.4,139.2,138.4
0,138.2,138.8,139,139.6,139.9,139.6,139.4,139.2,138.4,138
0,138.8,139,139.6,139.9,139.6,139.4,139.2,138.4,138,138.1
0,139,139.6,139.9,139.6,139.4,139.2,138.4,138,138.1,137.7
0,139.6,139.9,139.6,139.4,139.2,138.4,138,138.1,137.7,136.8
0,139.9,139.6,139.4,139.2,138.4,138,138.1,137.7,136.8,136.3
0,139.6,139.4,139.2,138.4,138,138.1,137.7,136.8,136.3,135.9
0,138,138.1,137.7,136.8,136.3,135.9,134.9,133.8,133.2,133.8
0,138.1,137.7,136.8,136.3,135.9,134.9,133.8,133.2,133.8,134.3
0,137.7,136.8,136.3,135.9,134.9,133.8,133.2,133.8,134.3,135.2
0,136.8,136.3,135.9,134.9,133.8,133.2,133.8,134.3,135.2,136.7
0,136.3,135.9,134.9,133.8,133.2,133.8,134.3,135.2,136.7,137.9
0,135.9,134.9,133.8,133.2,133.8,134.3,135.2,136.7,137.9,138.1
0,134.9,133.8,133.2,133.8,134.3,135.2,136.7,137.9,138.1,138.1
0,133.8,133.2,133.8,134.3,135.2,136.7,137.9,138.1,138.1,138.8
0,133.2,133.8,134.3,135.2,136.7,137.9,138.1,138.1,138.8,139.2
0,133.8,134.3,135.2,136.7,137.9,138.1,138.1,138.8,139.2,139.9
0,134.3,135.2,136.7,137.9,138.1,138.1,138.8,139.2,139.9,140
0,137.9,138.1,138.1,138.8,139.2,139.9,140,139,137.6,137.2
0,140,139,137.6,137.2,135.8,134.3,134.1,133.3,132,132.6
0,139,137.6,137.2,135.8,134.3,134.1,133.3,132,132.6,134
0,137.6,137.2,135.8,134.3,134.1,133.3,132,132.6,134,135.1
0,137.2,135.8,134.3,134.1,133.3,132,132.6,134,135.1,137.3
0,135.8,134.3,134.1,133.3,132,132.6,134,135.1,137.3,139
0,134.3,134.1,133.3,132,132.6,134,135.1,137.3,139,140.6
0,134.1,133.3,132,132.6,134,135.1,137.3,139,140.6,141.8
0,133.3,132,132.6,134,135.1,137.3,139,140.6,141.8,143.6
0,132,132.6,134,135.1,137.3,139,140.6,141.8,143.6,144.7
0,132.6,134,135.1,137.3,139,140.6,141.8,143.6,144.7,145.4
0,134,135.1,137.3,139,140.6,141.8,143.6,144.7,145.4,144.6
0,135.1,137.3,139,140.6,141.8,143.6,144.7,145.4,144.6,144.1
0,137.3,139,140.6,141.8,143.6,144.7,145.4,144.6,144.1,143.6
0,139,140.6,141.8,143.6,144.7,145.4,144.6,144.1,143.6,143.5
0,140.6,141.8,143.6,144.7,145.4,144.6,144.1,143.6,143.5,143.9
0,141.8,143.6,144.7,145.4,144.6,144.1,143.6,143.5,143.9,144.3
0,143.6,144.7,145.4,144.6,144.1,143.6,143.5,143.9,144.3,144.2
0,144.7,145.4,144.6,144.1,143.6,143.5,143.9,144.3,144.2,143.8
0,145.4,144.6,144.1,143.6,143.5,143.9,144.3,144.2,143.8,144.2
0,144.6,144.1,143.6,143.5,143.9,144.3,144.2,143.8,144.2,144.8
0,144.1,143.6,143.5,143.9,144.3,144.2,143.8,144.2,144.8,145.9
0,143.6,143.5,143.9,144.3,144.2,143.8,144.2,144.8,145.9,147.7
0,143.5,143.9,144.3,144.2,143.8,144.2,144.8,145.9,147.7,150.1
0,143.9,144.3,144.2,143.8,144.2,144.8,145.9,147.7,150.1,150.6
0,144.3,144.2,143.8,144.2,144.8,145.9,147.7,150.1,150.6,150.7
0,144.2,143.8,144.2,144.8,145.9,147.7,150.1,150.6,150.7,151.1
0,143.8,144.2,144.8,145.9,147.7,150.1,150.6,150.7,151.1,151
0,144.2,144.8,145.9,147.7,150.1,150.6,150.7,151.1,151,150.1
0,144.8,145.9,147.7,150.1,150.6,150.7,151.1,151,150.1,149.8
0,145.9,147.7,150.1,150.6,150.7,151.1,151,150.1,149.8,149.1
0,147.7,150.1,150.6,150.7,151.1,151,150.1,149.8,149.1,147.8
0,150.1,150.6,150.7,151.1,151,150.1,149.8,149.1,147.8,146.9
0,150.6,150.7,151.1,151,150.1,149.8,149.1,147.8,146.9,146.5
0,150.7,151.1,151,150.1,149.8,149.1,147.8,146.9,146.5,146.5
0,151.1,151,150.1,149.8,149.1,147.8,146.9,146.5,146.5,146.6
0,151,150.1,149.8,149.1,147.8,146.9,146.5,146.5,146.6,147.6
0,150.1,149.8,149.1,147.8,146.9,146.5,146.5,146.6,147.6,149.1
0,149.8,149.1,147.8,146.9,146.5,146.5,146.6,147.6,149.1,150.3
0,149.1,147.8,146.9,146.5,146.5,146.6,147.6,149.1,150.3,151.3
0,147.8,146.9,146.5,146.5,146.6,147.6,149.1,150.3,151.3,152.8
0,146.9,146.5,146.5,146.6,147.6,149.1,150.3,151.3,152.8,153.3
0,146.5,146.5,146.6,147.6,149.1,150.3,151.3,152.8,153.3,152.8
0,146.5,146.6,147.6,149.1,150.3,151.3,152.8,153.3,152.8,151.1
0,146.6,147.6,149.1,150.3,151.3,152.8,153.3,152.8,151.1,148.8
0,147.6,149.1,150.3,151.3,152.8,153.3,152.8,151.1,148.8,146.6
0,149.1,150.3,151.3,152.8,153.3,152.8,151.1,148.8,146.6,145.4
0,150.3,151.3,152.8,153.3,152.8,151.1,148.8,146.6,145.4,144
0,151.3,152.8,153.3,152.8,151.1,148.8,146.6,145.4,144,144.3
0,152.8,153.3,152.8,151.1,148.8,146.6,145.4,144,144.3,145
0,153.3,152.8,151.1,148.8,146.6,145.4,144,144.3,145,145.1
0,152.8,151.1,148.8,146.6,145.4,144,144.3,145,145.1,144.6
0,151.1,148.8,146.6,145.4,144,144.3,145,145.1,144.6,145.2
0,148.8,146.6,145.4,144,144.3,145,145.1,144.6,145.2,145.2
0,146.6,145.4,144,144.3,145,145.1,144.6,145.2,145.2,144.8
0,145.4,144,144.3,145,145.1,144.6,145.2,145.2,144.8,144.8
0,144,144.3,145,145.1,144.6,145.2,145.2,144.8,144.8,145.6
0,144.3,145,145.1,144.6,145.2,145.2,144.8,144.8,145.6,144.7
0,145,145.1,144.6,145.2,145.2,144.8,144.8,145.6,144.7,143.9
0,145.1,144.6,145.2,145.2,144.8,144.8,145.6,144.7,143.9,143.6
0,144.6,145.2,145.2,144.8,144.8,145.6,144.7,143.9,143.6,143.7
0,145.2,145.2,144.8,144.8,145.6,144.7,143.9,143.6,143.7,143.7
0,145.2,144.8,144.8,145.6,144.7,143.9,143.6,143.7,143.7,145.7
0,144.8,144.8,145.6,144.7,143.9,143.6,143.7,143.7,145.7,147.4
0,144.8,145.6,144.7,143.9,143.6,143.7,143.7,145.7,147.4,149.2
0,145.6,144.7,143.9,143.6,143.7,143.7,145.7,147.4,149.2,150.2
0,144.7,143.9,143.6,143.7,143.7,145.7,147.4,149.2,150.2,150.2
0,143.9,143.6,143.7,143.7,145.7,147.4,149.2,150.2,150.2,149.2
0,143.6,143.7,143.7,145.7,147.4,149.2,150.2,150.2,149.2,148.3
0,143.7,143.7,145.7,147.4,149.2,150.2,150.2,149.2,148.3,147.5
0,143.7,145.7,147.4,149.2,150.2,150.2,149.2,148.3,147.5,147.1
0,145.7,147.4,149.2,150.2,150.2,149.2,148.3,147.5,147.1,147
0,147.4,149.2,150.2,150.2,149.2,148.3,147.5,147.1,147,147.2
0,149.2,150.2,150.2,149.2,148.3,147.5,147.1,147,147.2,147.3
0,150.2,150.2,149.2,148.3,147.5,147.1,147,147.2,147.3,147.4
0,150.2,149.2,148.3,147.5,147.1,147,147.2,147.3,147.4,147.3
0,149.2,148.3,147.5,147.1,147,147.2,147.3,147.4,147.3,147.3
0,148.3,147.5,147.1,147,147.2,147.3,147.4,147.3,147.3,146.9
0,147.5,147.1,147,147.2,147.3,147.4,147.3,147.3,146.9,146.7
0,147.1,147,147.2,147.3,147.4,147.3,147.3,146.9,146.7,146.4
0,147,147.2,147.3,147.4,147.3,147.3,146.9,146.7,146.4,146.3
0,147.2,147.3,147.4,147.3,147.3,146.9,146.7,146.4,146.3,146.1
0,147.3,147.4,147.3,147.3,146.9,146.7,146.4,146.3,146.1,146.3
0,147.4,147.3,147.3,146.9,146.7,146.4,146.3,146.1,146.3,146.3
0,147.3,147.3,146.9,146.7,146.4,146.3,146.1,146.3,146.3,146
0,147.3,146.9,146.7,146.4,146.3,146.1,146.3,146.3,146,146.3
0,146.9,146.7,146.4,146.3,146.1,146.3,146.3,146,146.3,146.4
0,146.7,146.4,146.3,146.1,146.3,146.3,146,146.3,146.4,145.9
0,146.4,146.3,146.1,146.3,146.3,146,146.3,146.4,145.9,145.4
0,146.3,146.1,146.3,146.3,146,146.3,146.4,145.9,145.4,145
0,146.1,146.3,146.3,146,146.3,146.4,145.9,145.4,145,143.8
0,146.3,146.3,146,146.3,146.4,145.9,145.4,145,143.8,142.6
0,146.3,146,146.3,146.4,145.9,145.4,145,143.8,142.6,141.3
0,146,146.3,146.4,145.9,145.4,145,143.8,142.6,141.3,140.3
0,146.3,146.4,145.9,145.4,145,143.8,142.6,141.3,140.3,139.6
0,146.4,145.9,145.4,145,143.8,142.6,141.3,140.3,139.6,140.1
0,145.9,145.4,145,143.8,142.6,141.3,140.3,139.6,140.1,141
0,145.4,145,143.8,142.6,141.3,140.3,139.6,140.1,141,141.9
0,145,143.8,142.6,141.3,140.3,139.6,140.1,141,141.9,142.5
0,143.8,142.6,141.3,140.3,139.6,140.1,141,141.9,142.5,143.1
0,142.6,141.3,140.3,139.6,140.1,141,141.9,142.5,143.1,142.8
0,141.3,140.3,139.6,140.1,141,141.9,142.5,143.1,142.8,142.3
0,140.3,139.6,140.1,141,141.9,142.5,143.1,142.8,142.3,142.6
0,139.6,140.1,141,141.9,142.5,143.1,142.8,142.3,142.6,143.2
0,140.1,141,141.9,142.5,143.1,142.8,142.3,142.6,143.2,144
0,141,141.9,142.5,143.1,142.8,142.3,142.6,143.2,144,144.8
0,141.9,142.5,143.1,142.8,142.3,142.6,143.2,144,144.8,144.1
0,142.5,143.1,142.8,142.3,142.6,143.2,144,144.8,144.1,143.3
0,143.1,142.8,142.3,142.6,143.2,144,144.8,144.1,143.3,142.5
0,142.8,142.3,142.6,143.2,144,144.8,144.1,143.3,142.5,141.5
0,142.3,142.6,143.2,144,144.8,144.1,143.3,142.5,141.5,140.8
0,142.6,143.2,144,144.8,144.1,143.3,142.5,141.5,140.8,141.2
0,143.2,144,144.8,144.1,143.3,142.5,141.5,140.8,141.2,141.2
0,144,144.8,144.1,143.3,142.5,141.5,140.8,141.2,141.2,140.6
0,144.8,144.1,143.3,142.5,141.5,140.8,141.2,141.2,140.6,139.6
0,144.1,143.3,142.5,141.5,140.8,141.2,141.2,140.6,139.6,138.8
0,143.3,142.5,141.5,140.8,141.2,141.2,140.6,139.6,138.8,138.4
0,142.5,141.5,140.8,141.2,141.2,140.6,139.6,138.8,138.4,138
0,141.5,140.8,141.2,141.2,140.6,139.6,138.8,138.4,138,137.7
0,140.8,141.2,141.2,140.6,139.6,138.8,138.4,138,137.7,138.4
0,141.2,141.2,140.6,139.6,138.8,138.4,138,137.7,138.4,138.5
0,141.2,140.6,139.6,138.8,138.4,138,137.7,138.4,138.5,138.9
0,140.6,139.6,138.8,138.4,138,137.7,138.4,138.5,138.9,139
0,139.6,138.8,138.4,138,137.7,138.4,138.5,138.9,139,138.9
0,138.8,138.4,138,137.7,138.4,138.5,138.9,139,138.9,138.3
0,138.4,138,137.7,138.4,138.5,138.9,139,138.9,138.3,137.3
0,138,137.7,138.4,138.5,138.9,139,138.9,138.3,137.3,136
